0.00; 0.47
0.00; 0.47
0.00; 0.48
0.00; 0.46
0.00; 0.46
0.00; 0.48
0.00; 0.47
0.00; 0.46
0.00; 0.47
0.00; 0.47
0.00; 0.47
0.00; 0.46
0.00; 0.45
0.00; 0.47
0.00; 0.47
0.00; 0.47
0.00; 0.47
0.00; 0.47
0.00; 0.48
0.00; 0.47
0.00; 0.45
0.00; 0.47
0.00; 0.47
0.00; 0.47
0.00; 0.47
0.00; 0.47
0.00; 0.48
0.01; 0.47
0.00; 0.45
0.00; 0.48
0.00; 0.48
0.00; 0.47
0.00; 0.47
0.00; 0.47
0.00; 0.48
0.00; 0.47
0.00; 0.45
0.01; 0.48
0.00; 0.47
0.00; 0.47
0.00; 0.46
0.00; 0.47
0.00; 0.48
0.00; 0.47
0.00; 0.46
0.00; 0.47
0.00; 0.47
0.00; 0.47
0.00; 0.46
0.00; 0.47
0.00; 0.49
0.00; 0.47
0.00; 0.46
0.00; 0.48
0.00; 0.47
0.00; 0.47
0.00; 0.46
0.00; 0.47
0.00; 0.48
0.00; 0.47
0.00; 0.46
0.00; 0.48
0.00; 0.47
0.00; 0.47
0.00; 0.46
0.00; 0.46
0.00; 0.48
0.00; 0.47
0.00; 0.46
0.00; 0.47
0.00; 0.47
0.00; 0.47
0.00; 0.46
0.00; 0.46
0.00; 0.48
0.00; 0.47
0.00; 0.46
0.00; 0.48
0.00; 0.47
0.00; 0.47
0.00; 0.46
0.00; 0.47
0.00; 0.47
0.00; 0.47
0.00; 0.46
0.00; 0.47
0.00; 0.47
0.00; 0.47
0.00; 0.46
0.00; 0.46
0.00; 0.48
0.00; 0.47
0.00; 0.46
0.00; 0.47
0.00; 0.47
0.00; 0.47
0.00; 0.46
0.00; 0.46
0.00; 0.47
0.00; 0.47
0.00; 0.46
0.00; 0.47
0.00; 0.47
0.00; 0.48
0.00; 0.46
0.00; 0.45
0.00; 0.48
0.00; 0.47
0.00; 0.47
0.00; 0.47
0.00; 0.47
0.00; 0.47
0.01; 0.46
0.00; 0.45
0.00; 0.47
0.00; 0.47
0.00; 0.47
0.00; 0.47
0.00; 0.47
0.00; 0.48
0.00; 0.47
0.00; 0.45
0.00; 0.47
0.00; 0.47
0.00; 0.47
0.00; 0.46
0.00; 0.46
0.00; 0.48
0.00; 0.47
0.00; 0.46
0.00; 0.47
0.00; 0.47
0.00; 0.47
0.00; 0.46
0.00; 0.47
0.00; 0.48
0.00; 0.46
0.00; 0.46
0.00; 0.47
0.00; 0.47
0.00; 0.47
0.00; 0.46
0.00; 0.47
0.00; 0.48
0.00; 0.47
0.00; 0.46
0.00; 0.47
0.00; 0.47
0.00; 0.47
0.00; 0.46
0.00; 0.46
0.00; 0.47
0.00; 0.46
0.00; 0.46
0.00; 0.47
0.00; 0.47
0.00; 0.47
0.00; 0.46
0.00; 0.47
0.00; 0.47
0.00; 0.46
0.00; 0.46
0.00; 0.47
0.00; 0.46
0.00; 0.46
0.00; 0.46
0.00; 0.46
0.00; 0.47
0.00; 0.46
0.00; 0.46
0.00; 0.47
0.00; 0.46
0.00; 0.46
0.00; 0.46
0.00; 0.46
0.00; 0.47
0.00; 0.46
0.00; 0.46
0.00; 0.47
0.00; 0.46
0.00; 0.46
0.00; 0.46
0.00; 0.45
0.00; 0.47
0.00; 0.47
0.00; 0.46
0.00; 0.47
0.00; 0.46
0.00; 0.46
0.00; 0.46
0.00; 0.45
0.00; 0.47
0.00; 0.46
0.00; 0.46
0.00; 0.46
0.00; 0.46
0.00; 0.47
0.00; 0.45
0.00; 0.45
0.00; 0.46
0.00; 0.47
0.00; 0.46
0.00; 0.45
0.00; 0.47
0.00; 0.47
0.00; 0.46
0.00; 0.45
0.00; 0.46
0.00; 0.47
0.00; 0.46
0.00; 0.45
0.00; 0.46
0.00; 0.46
0.00; 0.46
0.00; 0.45
0.00; 0.46
0.00; 0.47
0.00; 0.47
0.00; 0.45
0.00; 0.46
0.00; 0.46
0.00; 0.47
0.00; 0.45
0.00; 0.46
0.00; 0.46
0.00; 0.47
0.00; 0.45
0.00; 0.47
0.00; 0.47
0.00; 0.45
0.00; 0.46
0.00; 0.46
0.00; 0.48
0.00; 0.46
0.00; 0.45
0.00; 0.46
0.00; 0.46
0.00; 0.46
0.00; 0.46
0.00; 0.46
0.00; 0.47
0.00; 0.46
0.00; 0.45
0.00; 0.46
0.00; 0.46
0.00; 0.47
0.00; 0.46
0.00; 0.46
0.00; 0.47
0.00; 0.46
0.00; 0.45
0.00; 0.46
0.00; 0.46
0.00; 0.47
0.00; 0.46
0.00; 0.46
0.00; 0.47
0.00; 0.46
0.00; 0.45
0.00; 0.46
0.00; 0.46
0.00; 0.47
0.00; 0.46
0.00; 0.46
0.00; 0.47
0.00; 0.46
0.00; 0.45
0.00; 0.46
0.00; 0.46
0.00; 0.47
0.00; 0.46
0.00; 0.46
0.00; 0.47
0.00; 0.47
0.00; 0.45
0.00; 0.45
0.00; 0.46
0.00; 0.47
0.00; 0.46
0.00; 0.45
0.00; 0.47
0.00; 0.46
0.00; 0.45
0.00; 0.45
0.00; 0.46
0.00; 0.47
0.00; 0.46
0.00; 0.45
0.00; 0.46
0.00; 0.46
0.00; 0.45
0.00; 0.45
0.00; 0.46
0.00; 0.46
0.00; 0.46
0.00; 0.45
0.00; 0.47
0.00; 0.46
0.00; 0.46
0.00; 0.44
0.00; 0.46
0.00; 0.46
0.00; 0.44
0.00; 0.45
0.00; 0.43
0.00; 0.45
0.01; 0.45
0.00; 0.46
0.00; 0.48
0.00; 0.46
0.00; 0.47
0.00; 0.45
0.00; 0.47
0.00; 0.46
0.00; 0.47
0.00; 0.45
0.00; 0.46
0.00; 0.46
0.00; 0.47
0.00; 0.45
0.00; 0.47
0.00; 0.47
0.00; 0.45
0.00; 0.45
0.00; 0.46
0.00; 0.46
0.00; 0.46
0.00; 0.45
0.00; 0.46
0.00; 0.47
0.00; 0.46
0.00; 0.45
0.00; 0.46
0.00; 0.45
0.00; 0.46
0.00; 0.46
0.00; 0.45
0.00; 0.47
0.00; 0.46
0.00; 0.46
0.00; 0.46
0.00; 0.45
0.00; 0.46
0.00; 0.45
0.00; 0.42
0.00; 0.45
0.00; 0.45
0.00; 0.46
0.00; 0.48
0.00; 0.46
0.00; 0.47
0.00; 0.45
0.00; 0.46
0.00; 0.46
0.00; 0.47
0.00; 0.46
0.00; 0.47
0.00; 0.46
0.00; 0.47
0.00; 0.45
0.00; 0.45
0.00; 0.46
0.00; 0.46
0.00; 0.46
0.00; 0.46
0.00; 0.47
0.00; 0.47
0.00; 0.45
0.00; 0.45
0.00; 0.46
0.00; 0.46
0.00; 0.46
0.00; 0.46
0.00; 0.47
0.00; 0.47
0.00; 0.45
0.00; 0.45
0.00; 0.46
0.00; 0.47
0.00; 0.46
0.00; 0.45
0.00; 0.46
0.00; 0.46
0.00; 0.44
0.00; 0.38
0.02; 0.41
0.00; 0.42
0.00; 0.44
0.01; 0.45
0.00; 0.46
0.00; 0.48
0.01; 0.42
0.00; 0.42
0.00; 0.45
0.00; 0.46
0.00; 0.47
0.00; 0.44
0.00; 0.45
0.00; 0.47
0.00; 0.48
0.00; 0.45
0.00; 0.47
0.00; 0.46
0.00; 0.46
0.00; 0.45
0.00; 0.46
0.00; 0.47
0.00; 0.46
0.00; 0.45
0.00; 0.46
0.00; 0.46
0.00; 0.46
0.00; 0.45
0.00; 0.45
0.00; 0.47
0.00; 0.46
0.00; 0.45
0.00; 0.46
0.00; 0.45
0.00; 0.47
0.00; 0.45
0.00; 0.46
0.00; 0.45
0.00; 0.43
0.00; 0.44
0.00; 0.47
0.00; 0.46
0.00; 0.46
0.00; 0.45
0.00; 0.46
0.00; 0.47
0.00; 0.45
0.00; 0.46
0.00; 0.46
0.00; 0.47
0.00; 0.46
0.00; 0.45
0.00; 0.46
0.00; 0.46
0.00; 0.45
0.00; 0.46
0.00; 0.46
0.00; 0.46
0.00; 0.47
0.00; 0.45
0.00; 0.46
0.00; 0.46
0.00; 0.45
0.00; 0.46
0.00; 0.46
0.00; 0.46
0.00; 0.47
0.00; 0.45
0.00; 0.44
0.00; 0.46
0.00; 0.43
0.00; 0.44
0.00; 0.39
0.01; 0.41
0.00; 0.43
0.01; 0.43
0.00; 0.39
0.01; 0.42
0.00; 0.44
0.00; 0.45
0.00; 0.43
0.00; 0.42
0.00; 0.44
0.00; 0.42
0.00; 0.43
0.00; 0.46
0.00; 0.42
0.03; 0.40
0.00; 0.41
0.00; 0.43
0.00; 0.45
0.00; 0.40
0.00; 0.41
0.00; 0.43
0.00; 0.45
0.00; 0.46
0.01; 0.42
0.00; 0.43
0.00; 0.43
0.01; 0.39
0.00; 0.40
0.00; 0.43
0.00; 0.42
0.01; 0.43
0.01; 0.44
0.00; 0.45
0.02; 0.41
0.00; 0.42
0.00; 0.43
0.00; 0.46
0.00; 0.46
0.01; 0.41
0.00; 0.42
0.00; 0.43
0.00; 0.45
0.00; 0.46
0.02; 0.40
0.01; 0.42
0.00; 0.44
0.00; 0.45
0.00; 0.46
0.00; 0.47
0.00; 0.45
0.00; 0.46
0.00; 0.44
0.00; 0.46
0.00; 0.47
0.00; 0.46
0.00; 0.45
0.00; 0.46
0.00; 0.46
0.00; 0.45
0.00; 0.46
0.00; 0.46
0.00; 0.47
0.00; 0.46
0.00; 0.44
0.00; 0.46
0.00; 0.46
0.00; 0.45
0.00; 0.46
0.00; 0.45
0.00; 0.46
0.00; 0.46
0.00; 0.44
0.00; 0.41
0.01; 0.39
0.03; 0.41
0.01; 0.42
0.00; 0.44
0.00; 0.45
0.00; 0.47
0.01; 0.42
0.00; 0.35
0.03; 0.39
0.02; 0.37
0.02; 0.39
0.00; 0.35
0.02; 0.37
0.03; 0.39
0.02; 0.40
0.00; 0.41
0.00; 0.44
0.01; 0.38
0.02; 0.40
0.02; 0.41
0.00; 0.42
0.00; 0.45
0.00; 0.45
0.01; 0.42
0.00; 0.44
0.01; 0.42
0.00; 0.44
0.00; 0.45
0.00; 0.46
0.00; 0.44
0.00; 0.39
0.00; 0.40
0.00; 0.43
0.00; 0.45
0.00; 0.46
0.00; 0.46
0.00; 0.44
0.00; 0.46
0.00; 0.46
0.00; 0.44
0.00; 0.45
0.00; 0.46
0.00; 0.45
0.00; 0.44
0.00; 0.46
0.00; 0.46
0.00; 0.45
0.00; 0.45
0.01; 0.45
0.00; 0.45
0.00; 0.46
0.00; 0.43
0.00; 0.42
0.00; 0.41
0.05; 0.35
0.05; 0.36
0.01; 0.39
0.03; 0.35
0.02; 0.37
0.02; 0.38
0.01; 0.40
0.01; 0.43
0.00; 0.43
0.02; 0.41
0.00; 0.41
0.01; 0.43
0.00; 0.44
0.00; 0.41
0.00; 0.43
0.00; 0.45
0.04; 0.36
0.03; 0.37
0.01; 0.40
0.00; 0.41
0.00; 0.34
0.03; 0.35
0.04; 0.37
0.01; 0.40
0.03; 0.42
0.01; 0.43
0.00; 0.42
0.00; 0.43
0.00; 0.45
0.01; 0.41
0.00; 0.42
0.00; 0.44
0.00; 0.46
0.00; 0.42
0.00; 0.41
0.00; 0.43
0.00; 0.44
0.00; 0.42
0.01; 0.42
0.00; 0.43
0.00; 0.44
0.00; 0.43
0.01; 0.43
0.00; 0.43
0.00; 0.44
0.00; 0.43
0.00; 0.42
0.00; 0.44
0.00; 0.46
0.00; 0.44
0.00; 0.45
0.00; 0.42
0.00; 0.41
0.03; 0.38
0.02; 0.39
0.02; 0.39
0.02; 0.41
0.00; 0.42
0.02; 0.37
0.02; 0.39
0.01; 0.42
0.00; 0.43
0.00; 0.43
0.00; 0.45
0.00; 0.43
0.00; 0.43
0.00; 0.42
0.01; 0.43
0.00; 0.43
0.00; 0.43
0.01; 0.42
0.00; 0.42
0.00; 0.44
0.00; 0.43
0.03; 0.38
0.02; 0.41
0.00; 0.43
0.00; 0.44
0.00; 0.42
0.01; 0.44
0.00; 0.41
0.00; 0.42
0.00; 0.43
0.00; 0.38
0.02; 0.41
0.01; 0.42
0.00; 0.42
0.00; 0.45
0.00; 0.39
0.01; 0.41
0.01; 0.42
0.00; 0.43
0.00; 0.45
0.00; 0.46
0.01; 0.36
0.02; 0.39
0.00; 0.40
0.02; 0.42
0.00; 0.43
0.01; 0.38
0.02; 0.41
0.01; 0.42
0.00; 0.40
0.01; 0.41
0.01; 0.42
0.00; 0.44
0.00; 0.44
0.00; 0.45
0.00; 0.44
0.00; 0.45
0.00; 0.43
0.00; 0.41
0.01; 0.40
0.00; 0.42
0.00; 0.42
0.00; 0.36
0.03; 0.39
0.02; 0.41
0.00; 0.42
0.01; 0.44
0.00; 0.45
0.00; 0.44
0.00; 0.42
0.00; 0.43
0.00; 0.40
0.02; 0.42
0.00; 0.43
0.02; 0.41
0.02; 0.40
0.00; 0.42
0.01; 0.43
0.01; 0.36
0.01; 0.40
0.02; 0.42
0.01; 0.43
0.00; 0.44
0.00; 0.42
0.03; 0.40
0.04; 0.38
0.01; 0.37
0.03; 0.40
0.00; 0.37
0.03; 0.39
0.01; 0.40
0.02; 0.42
0.00; 0.44
0.00; 0.44
0.00; 0.45
0.02; 0.42
0.00; 0.41
0.01; 0.43
0.00; 0.43
0.00; 0.42
0.00; 0.44
0.00; 0.41
0.00; 0.42
0.00; 0.43
0.00; 0.43
0.00; 0.44
0.00; 0.44
0.01; 0.43
0.00; 0.44
0.00; 0.43
0.00; 0.43
0.00; 0.43
0.00; 0.42
0.00; 0.42
0.00; 0.42
0.01; 0.42
0.01; 0.43
0.00; 0.43
0.00; 0.42
0.00; 0.44
0.00; 0.44
0.00; 0.44
0.00; 0.43
0.00; 0.43
0.00; 0.44
0.00; 0.43
0.00; 0.43
0.00; 0.44
0.00; 0.44
0.00; 0.44
0.00; 0.43
0.00; 0.43
0.00; 0.45
0.00; 0.43
0.00; 0.43
0.01; 0.44
0.00; 0.44
0.00; 0.44
0.00; 0.43
0.00; 0.44
0.00; 0.45
0.01; 0.44
0.00; 0.44
0.00; 0.45
0.00; 0.44
0.00; 0.44
0.01; 0.43
0.00; 0.43
0.00; 0.44
0.00; 0.44
0.00; 0.44
0.00; 0.44
0.00; 0.44
0.01; 0.44
0.00; 0.44
0.00; 0.43
0.00; 0.45
0.00; 0.44
0.00; 0.44
0.00; 0.44
0.00; 0.43
0.00; 0.44
0.00; 0.43
0.00; 0.43
0.00; 0.44
0.00; 0.44
0.00; 0.45
0.00; 0.44
0.00; 0.44
0.00; 0.44
0.00; 0.44
0.00; 0.43
0.00; 0.45
0.00; 0.44
0.00; 0.44
0.00; 0.44
0.01; 0.44
0.00; 0.45
0.00; 0.44
0.00; 0.44
0.00; 0.45
0.00; 0.44
0.00; 0.45
0.00; 0.44
0.00; 0.43
0.00; 0.45
0.00; 0.43
0.00; 0.44
0.00; 0.44
0.00; 0.46
0.00; 0.44
0.00; 0.42
0.00; 0.44
0.01; 0.43
0.00; 0.43
0.00; 0.44
0.00; 0.45
0.00; 0.44
0.00; 0.45
0.01; 0.43
0.00; 0.44
0.00; 0.47
0.00; 0.44
0.00; 0.45
0.00; 0.44
0.00; 0.42
0.00; 0.44
0.00; 0.44
0.01; 0.39
0.01; 0.41
0.00; 0.42
0.00; 0.43
0.00; 0.45
0.00; 0.47
0.00; 0.43
0.00; 0.38
0.03; 0.37
0.01; 0.40
0.02; 0.41
0.01; 0.42
0.00; 0.44
0.00; 0.42
0.00; 0.44
0.00; 0.44
0.00; 0.44
0.00; 0.38
0.03; 0.36
0.05; 0.37
0.01; 0.40
0.01; 0.41
0.00; 0.43
0.00; 0.43
0.00; 0.45
0.00; 0.47
0.00; 0.48
0.00; 0.42
0.00; 0.44
0.00; 0.46
0.00; 0.37
0.02; 0.38
0.01; 0.39
0.01; 0.42
0.00; 0.44
0.03; 0.35
0.02; 0.37
0.02; 0.39
0.02; 0.41
0.01; 0.42
0.00; 0.42
0.00; 0.45
0.00; 0.46
0.00; 0.42
0.00; 0.43
0.00; 0.45
0.01; 0.42
0.01; 0.43
0.00; 0.43
0.00; 0.46
0.00; 0.47
0.00; 0.43
0.00; 0.44
0.00; 0.45
0.00; 0.47
0.00; 0.44
0.00; 0.45
0.00; 0.45
0.00; 0.46
0.00; 0.43
0.00; 0.44
0.00; 0.45
0.00; 0.48
0.00; 0.44
0.00; 0.45
0.00; 0.46
0.00; 0.46
0.00; 0.46
0.00; 0.44
0.00; 0.45
0.00; 0.46
0.00; 0.45
0.00; 0.45
0.00; 0.46
0.00; 0.46
0.00; 0.46
0.00; 0.44
0.00; 0.42
0.00; 0.44
0.00; 0.45
0.00; 0.46
0.00; 0.44
0.00; 0.45
0.00; 0.47
0.00; 0.42
0.00; 0.44
0.00; 0.43
0.00; 0.38
0.03; 0.40
0.01; 0.42
0.00; 0.43
0.00; 0.45
0.00; 0.45
0.00; 0.47
0.00; 0.45
0.00; 0.46
0.00; 0.44
0.00; 0.42
0.00; 0.40
0.01; 0.38
0.02; 0.39
0.01; 0.41
0.00; 0.44
0.00; 0.44
0.00; 0.45
0.00; 0.42
0.00; 0.43
0.01; 0.45
0.00; 0.43
0.00; 0.44
0.00; 0.44
0.00; 0.43
0.00; 0.44
0.00; 0.44
0.00; 0.43
0.00; 0.45
0.00; 0.43
0.01; 0.44
0.00; 0.44
0.00; 0.43
0.00; 0.44
0.00; 0.43
0.00; 0.43
0.00; 0.45
0.00; 0.43
0.00; 0.43
0.00; 0.44
0.00; 0.43
0.00; 0.45
0.00; 0.44
0.00; 0.44
0.01; 0.45
0.00; 0.43
0.00; 0.44
0.00; 0.44
0.00; 0.44
0.00; 0.45
0.01; 0.43
0.00; 0.45
0.00; 0.42
0.01; 0.43
0.00; 0.43
0.00; 0.42
0.00; 0.44
0.00; 0.45
0.00; 0.46
0.02; 0.40
0.00; 0.43
0.00; 0.44
0.00; 0.44
0.00; 0.47
0.01; 0.43
0.00; 0.45
0.00; 0.45
0.00; 0.47
0.00; 0.37
0.03; 0.38
0.03; 0.39
0.01; 0.42
0.00; 0.43
0.01; 0.44
0.00; 0.45
0.00; 0.46
0.00; 0.45
0.00; 0.45
0.00; 0.46
0.00; 0.45
0.00; 0.43
0.00; 0.44
0.00; 0.37
0.03; 0.23
0.10; 0.27
0.07; 0.29
0.07; 0.31
0.05; 0.34
0.03; 0.36
0.03; 0.38
0.01; 0.38
0.01; 0.40
0.00; 0.43
0.00; 0.44
0.00; 0.45
0.00; 0.47
0.00; 0.45
0.00; 0.42
0.01; 0.43
0.00; 0.44
0.00; 0.47
0.00; 0.45
0.00; 0.43
0.01; 0.42
0.00; 0.44
0.00; 0.40
0.00; 0.41
0.00; 0.42
0.00; 0.45
0.00; 0.46
0.00; 0.44
0.00; 0.44
0.00; 0.45
0.00; 0.45
0.00; 0.45
0.00; 0.44
0.00; 0.45
0.00; 0.46
0.00; 0.45
0.00; 0.46
0.00; 0.45
0.00; 0.46
0.00; 0.45
0.00; 0.44
0.00; 0.45
0.00; 0.44
0.00; 0.45
0.00; 0.47
0.00; 0.45
0.00; 0.46
0.00; 0.45
0.00; 0.45
0.00; 0.46
0.00; 0.45
0.00; 0.46
0.00; 0.45
0.00; 0.47
0.00; 0.46
0.00; 0.45
0.00; 0.45
0.00; 0.46
0.00; 0.45
0.00; 0.46
0.00; 0.45
0.00; 0.46
0.00; 0.46
0.00; 0.45
0.00; 0.45
0.00; 0.46
0.00; 0.45
0.00; 0.46
0.00; 0.45
0.00; 0.44
0.00; 0.45
0.00; 0.44
0.00; 0.44
0.01; 0.45
0.00; 0.44
0.00; 0.45
0.00; 0.44
0.00; 0.45
0.00; 0.45
0.00; 0.44
0.00; 0.45
0.00; 0.45
0.00; 0.45
0.00; 0.45
0.00; 0.44
0.00; 0.45
0.00; 0.45
0.00; 0.44
0.00; 0.45
0.00; 0.45
0.00; 0.45
0.00; 0.45
0.00; 0.44
0.00; 0.45
0.00; 0.46
0.00; 0.44
0.00; 0.45
0.00; 0.46
0.00; 0.45
0.00; 0.42
0.00; 0.43
0.00; 0.45
0.00; 0.47
0.00; 0.48
0.00; 0.45
0.00; 0.46
0.00; 0.42
0.00; 0.44
0.00; 0.44
0.00; 0.45
0.00; 0.47
0.00; 0.45
0.00; 0.45
0.00; 0.44
0.00; 0.46
0.00; 0.47
0.01; 0.42
0.00; 0.43
0.00; 0.46
0.00; 0.47
0.00; 0.48
0.00; 0.45
0.00; 0.46
0.00; 0.48
0.00; 0.45
0.00; 0.45
0.00; 0.43
0.00; 0.44
0.00; 0.46
0.00; 0.47
0.00; 0.38
0.05; 0.34
0.04; 0.35
0.05; 0.36
0.01; 0.39
0.00; 0.42
0.01; 0.43
0.00; 0.44
0.00; 0.45
0.00; 0.44
0.01; 0.36
0.02; 0.37
0.03; 0.40
0.01; 0.42
0.00; 0.43
0.00; 0.36
0.01; 0.39
0.02; 0.41
0.01; 0.42
0.00; 0.42
0.00; 0.45
0.00; 0.46
0.00; 0.47
0.00; 0.48
0.00; 0.45
0.00; 0.48
0.01; 0.45
0.00; 0.46
0.00; 0.46
0.00; 0.47
0.00; 0.46
0.00; 0.46
0.00; 0.45
0.00; 0.48
0.00; 0.45
0.00; 0.46
0.00; 0.46
0.00; 0.47
0.00; 0.46
0.00; 0.45
0.00; 0.46
0.00; 0.46
0.00; 0.46
0.00; 0.46
0.00; 0.46
0.00; 0.46
0.00; 0.47
0.00; 0.45
0.00; 0.47
0.00; 0.47
0.00; 0.45
0.00; 0.46
0.00; 0.46
0.00; 0.46
0.00; 0.47
0.00; 0.45
0.00; 0.46
0.00; 0.47
0.00; 0.46
0.00; 0.46
0.00; 0.46
0.00; 0.46
0.00; 0.47
0.00; 0.45
0.00; 0.46
0.00; 0.47
0.00; 0.46
0.00; 0.46
0.00; 0.46
0.00; 0.46
0.00; 0.47
0.00; 0.45
0.00; 0.46
0.00; 0.47
0.00; 0.46
0.00; 0.46
0.00; 0.46
0.00; 0.46
0.00; 0.47
0.00; 0.45
0.00; 0.46
0.01; 0.46
0.00; 0.46
0.00; 0.47
0.00; 0.46
0.00; 0.47
0.00; 0.47
0.00; 0.45
0.00; 0.46
0.00; 0.46
0.00; 0.46
0.00; 0.47
0.00; 0.46
0.00; 0.46
0.00; 0.47
0.00; 0.46
0.00; 0.46
0.00; 0.46
0.00; 0.46
0.00; 0.47
0.00; 0.46
0.00; 0.47
0.00; 0.47
0.00; 0.45
0.00; 0.46
0.00; 0.47
0.00; 0.46
0.00; 0.47
0.00; 0.46
0.00; 0.47
0.00; 0.47
0.00; 0.45
0.00; 0.46
0.00; 0.46
0.00; 0.46
0.00; 0.47
0.00; 0.45
0.00; 0.47
0.00; 0.47
0.00; 0.45
0.00; 0.46
0.00; 0.46
0.00; 0.46
0.00; 0.47
0.00; 0.45
0.00; 0.46
0.00; 0.47
0.00; 0.43
0.00; 0.44
0.00; 0.46
0.00; 0.47
0.00; 0.48
0.00; 0.45
0.00; 0.46
0.00; 0.47
0.00; 0.45
0.00; 0.46
0.00; 0.45
0.00; 0.41
0.01; 0.42
0.00; 0.43
0.00; 0.45
0.00; 0.47
0.00; 0.48
0.00; 0.45
0.00; 0.46
0.00; 0.47
0.00; 0.46
0.00; 0.46
0.00; 0.45
0.00; 0.46
0.00; 0.43
0.01; 0.44
0.00; 0.46
0.00; 0.44
0.00; 0.43
0.00; 0.42
0.00; 0.43
0.00; 0.43
0.00; 0.45
0.00; 0.43
0.00; 0.43
0.00; 0.44
0.00; 0.44
0.00; 0.43
0.00; 0.44
0.00; 0.45
0.00; 0.43
0.01; 0.44
0.00; 0.44
0.00; 0.44
0.00; 0.44
0.00; 0.42
0.00; 0.43
0.00; 0.44
0.00; 0.43
0.00; 0.44
0.00; 0.43
0.00; 0.43
0.00; 0.44
0.01; 0.43
0.00; 0.42
0.00; 0.44
0.00; 0.44
0.00; 0.44
0.01; 0.44
0.00; 0.44
0.00; 0.45
0.00; 0.44
0.01; 0.43
0.00; 0.45
0.00; 0.45
0.01; 0.45
0.00; 0.44
0.00; 0.44
0.01; 0.45
0.00; 0.44
0.00; 0.43
0.00; 0.45
0.00; 0.44
0.00; 0.44
0.00; 0.44
0.00; 0.44
0.00; 0.44
0.00; 0.43
0.00; 0.43
0.00; 0.44
0.00; 0.44
0.00; 0.44
0.00; 0.43
0.00; 0.42
0.00; 0.45
0.00; 0.43
0.00; 0.43
0.00; 0.44
0.01; 0.44
0.00; 0.44
0.01; 0.44
0.00; 0.44
0.00; 0.45
0.00; 0.45
0.00; 0.44
0.00; 0.46
0.00; 0.45
0.00; 0.44
0.00; 0.44
0.00; 0.46
0.01; 0.45
0.00; 0.45
0.00; 0.44
0.00; 0.45
0.00; 0.46
0.00; 0.44
0.00; 0.45
0.00; 0.45
0.00; 0.46
0.00; 0.45
0.00; 0.44
0.01; 0.45
0.00; 0.45
0.00; 0.45
0.00; 0.44
0.00; 0.44
0.00; 0.46
0.00; 0.45
0.00; 0.44
0.00; 0.46
0.00; 0.45
0.00; 0.45
0.00; 0.44
0.00; 0.45
0.00; 0.45
0.01; 0.45
0.00; 0.45
0.00; 0.45
0.00; 0.46
0.00; 0.45
0.00; 0.44
0.00; 0.43
0.00; 0.46
0.00; 0.45
0.00; 0.45
0.00; 0.45
0.00; 0.45
0.00; 0.46
0.00; 0.44
0.00; 0.44
0.00; 0.45
0.00; 0.47
0.00; 0.46
0.00; 0.46
0.00; 0.44
0.00; 0.46
0.00; 0.44
0.00; 0.44
0.00; 0.44
0.00; 0.46
0.00; 0.44
0.00; 0.45
0.00; 0.44
0.00; 0.46
0.00; 0.44
0.00; 0.45
0.00; 0.45
0.00; 0.46
0.00; 0.45
0.00; 0.46
0.01; 0.45
0.00; 0.45
0.00; 0.44
0.00; 0.45
0.00; 0.45
0.00; 0.44
0.00; 0.45
0.00; 0.44
0.00; 0.46
0.00; 0.45
0.00; 0.46
0.00; 0.44
0.00; 0.45
0.00; 0.45
0.00; 0.46
0.00; 0.44
0.00; 0.45
0.00; 0.46
0.01; 0.44
0.00; 0.45
0.00; 0.45
0.00; 0.46
0.01; 0.45
0.00; 0.44
0.01; 0.46
0.00; 0.46
0.00; 0.44
0.00; 0.45
0.00; 0.45
0.00; 0.46
0.00; 0.45
0.00; 0.45
0.01; 0.43
0.00; 0.45
0.00; 0.44
0.00; 0.44
0.00; 0.44
0.00; 0.43
0.00; 0.44
0.00; 0.43
0.00; 0.42
0.00; 0.44
0.00; 0.43
0.00; 0.42
0.01; 0.44
0.00; 0.43
0.00; 0.44
0.00; 0.43
0.00; 0.43
0.01; 0.43
0.00; 0.43
0.00; 0.43
0.00; 0.43
0.00; 0.43
0.00; 0.43
0.01; 0.42
0.00; 0.42
0.00; 0.44
0.00; 0.43
0.00; 0.43
0.00; 0.43
0.01; 0.43
0.00; 0.44
0.00; 0.42
0.00; 0.42
0.00; 0.42
0.00; 0.42
0.00; 0.42
0.01; 0.42
0.00; 0.43
0.00; 0.42
0.00; 0.41
0.00; 0.40
0.00; 0.40
0.03; 0.40
0.01; 0.39
0.02; 0.39
0.01; 0.38
0.02; 0.39
0.01; 0.38
0.02; 0.37
0.02; 0.39
0.01; 0.40
0.02; 0.39
0.01; 0.39
0.01; 0.39
0.03; 0.40
0.01; 0.39
0.02; 0.38
0.01; 0.39
0.02; 0.39
0.01; 0.39
0.03; 0.39
0.01; 0.39
0.02; 0.40
0.02; 0.39
0.02; 0.38
0.01; 0.39
0.01; 0.39
0.03; 0.39
0.03; 0.39
0.01; 0.39
0.02; 0.39
0.01; 0.39
0.02; 0.38
0.01; 0.39
0.03; 0.39
0.01; 0.39
0.03; 0.38
0.02; 0.38
0.02; 0.38
0.01; 0.37
0.01; 0.38
0.02; 0.39
0.03; 0.38
0.01; 0.39
0.04; 0.38
0.02; 0.38
0.02; 0.39
0.02; 0.38
0.02; 0.38
0.01; 0.38
0.01; 0.38
0.01; 0.38
0.03; 0.38
0.03; 0.38
0.04; 0.39
0.03; 0.38
0.02; 0.38
0.01; 0.39
0.02; 0.38
0.02; 0.39
0.03; 0.37
0.02; 0.38
0.02; 0.39
0.02; 0.38
0.02; 0.38
0.01; 0.39
0.02; 0.39
0.01; 0.39
0.03; 0.38
0.01; 0.37
0.02; 0.39
0.03; 0.39
0.02; 0.38
0.03; 0.38
0.02; 0.38
0.01; 0.39
0.03; 0.38
0.02; 0.37
0.02; 0.38
0.01; 0.38
0.01; 0.38
0.02; 0.37
0.03; 0.37
0.02; 0.38
0.03; 0.38
0.01; 0.36
0.03; 0.38
0.02; 0.38
0.02; 0.38
0.05; 0.37
0.02; 0.37
0.01; 0.38
0.03; 0.37
0.03; 0.36
0.02; 0.38
0.03; 0.38
0.03; 0.38
0.03; 0.37
0.02; 0.37
0.02; 0.39
0.03; 0.38
0.02; 0.37
0.01; 0.38
0.01; 0.38
0.01; 0.38
0.03; 0.38
0.02; 0.38
0.01; 0.39
0.02; 0.38
0.01; 0.37
0.03; 0.38
0.01; 0.38
0.03; 0.38
0.01; 0.38
0.01; 0.38
0.02; 0.39
0.05; 0.38
0.02; 0.37
0.01; 0.38
0.03; 0.39
0.01; 0.39
0.01; 0.38
0.02; 0.38
0.01; 0.39
0.04; 0.38
0.02; 0.38
0.04; 0.39
0.02; 0.38
0.01; 0.39
0.03; 0.38
0.02; 0.38
0.01; 0.39
0.01; 0.38
0.01; 0.38
0.02; 0.39
0.02; 0.38
0.03; 0.39
0.03; 0.38
0.02; 0.38
0.02; 0.39
0.03; 0.38
0.02; 0.38
0.03; 0.39
0.02; 0.39
0.03; 0.39
0.03; 0.38
0.03; 0.38
0.02; 0.39
0.02; 0.38
0.02; 0.38
0.02; 0.39
0.01; 0.38
0.02; 0.39
0.02; 0.38
0.02; 0.38
0.02; 0.39
0.01; 0.39
0.02; 0.38
0.02; 0.38
0.02; 0.38
0.03; 0.39
0.02; 0.38
0.00; 0.37
0.01; 0.39
0.02; 0.39
0.02; 0.38
0.03; 0.38
0.03; 0.38
0.03; 0.39
0.01; 0.38
0.01; 0.37
0.01; 0.39
0.02; 0.38
0.01; 0.38
0.01; 0.38
0.02; 0.38
0.01; 0.39
0.02; 0.38
0.02; 0.37
0.02; 0.39
0.03; 0.38
0.03; 0.39
0.03; 0.38
0.01; 0.38
0.02; 0.39
0.03; 0.38
0.02; 0.37
0.02; 0.39
0.03; 0.38
0.02; 0.39
0.02; 0.38
0.02; 0.38
0.01; 0.39
0.02; 0.38
0.01; 0.37
0.03; 0.38
0.02; 0.39
0.02; 0.38
0.02; 0.38
0.05; 0.38
0.03; 0.39
0.01; 0.38
0.01; 0.38
0.03; 0.39
0.02; 0.38
0.02; 0.38
0.01; 0.38
0.02; 0.38
0.01; 0.39
0.03; 0.38
0.02; 0.38
0.01; 0.39
0.03; 0.39
0.02; 0.39
0.02; 0.38
0.03; 0.38
0.03; 0.40
0.02; 0.38
0.01; 0.38
0.01; 0.39
0.01; 0.38
0.02; 0.39
0.01; 0.38
0.02; 0.38
0.02; 0.39
0.02; 0.38
0.02; 0.38
0.02; 0.39
0.02; 0.38
0.02; 0.39
0.01; 0.38
0.01; 0.38
0.03; 0.39
0.04; 0.38
0.01; 0.38
0.01; 0.38
0.01; 0.38
0.02; 0.39
0.03; 0.38
0.03; 0.38
0.01; 0.39
0.01; 0.38
0.02; 0.38
0.02; 0.39
0.02; 0.38
0.03; 0.39
0.02; 0.38
0.03; 0.37
0.03; 0.39
0.02; 0.39
0.03; 0.38
0.02; 0.38
0.02; 0.39
0.02; 0.39
0.01; 0.38
0.01; 0.37
0.02; 0.39
0.03; 0.38
0.01; 0.38
0.02; 0.38
0.03; 0.38
0.02; 0.39
0.03; 0.38
0.03; 0.37
0.03; 0.39
0.01; 0.39
0.02; 0.38
0.03; 0.38
0.03; 0.38
0.01; 0.39
0.03; 0.38
0.02; 0.37
0.04; 0.39
0.02; 0.39
0.02; 0.38
0.01; 0.38
0.01; 0.38
0.02; 0.39
0.03; 0.38
0.01; 0.37
0.02; 0.39
0.03; 0.39
0.01; 0.39
0.01; 0.38
0.02; 0.38
0.03; 0.39
0.02; 0.38
0.03; 0.37
0.01; 0.38
0.02; 0.39
0.03; 0.39
0.01; 0.38
0.02; 0.38
0.01; 0.39
0.03; 0.38
0.01; 0.37
0.03; 0.38
0.01; 0.39
0.02; 0.38
0.03; 0.38
0.02; 0.38
0.03; 0.39
0.03; 0.38
0.02; 0.38
0.02; 0.39
0.01; 0.39
0.01; 0.39
0.01; 0.38
0.03; 0.38
0.01; 0.39
0.02; 0.38
0.03; 0.38
0.03; 0.39
0.02; 0.39
0.02; 0.38
0.02; 0.38
0.02; 0.38
0.01; 0.39
0.02; 0.38
0.03; 0.38
0.02; 0.39
0.02; 0.39
0.02; 0.39
0.02; 0.38
0.02; 0.38
0.02; 0.39
0.03; 0.38
0.02; 0.38
0.02; 0.39
0.01; 0.38
0.02; 0.39
0.03; 0.38
0.01; 0.38
0.03; 0.39
0.02; 0.39
0.01; 0.38
0.05; 0.39
0.02; 0.38
0.02; 0.39
0.02; 0.38
0.03; 0.37
0.02; 0.39
0.02; 0.39
0.01; 0.38
0.03; 0.38
0.03; 0.38
0.03; 0.39
0.04; 0.38
0.02; 0.37
0.01; 0.38
0.02; 0.39
0.01; 0.38
0.02; 0.38
0.03; 0.38
0.04; 0.39
0.02; 0.38
0.03; 0.37
0.02; 0.38
0.02; 0.39
0.03; 0.38
0.01; 0.38
0.01; 0.38
0.03; 0.39
0.02; 0.38
0.01; 0.37
0.02; 0.39
0.02; 0.38
0.03; 0.38
0.01; 0.38
0.02; 0.38
0.03; 0.39
0.02; 0.39
0.03; 0.37
0.01; 0.38
0.02; 0.39
0.03; 0.39
0.03; 0.38
0.01; 0.38
0.01; 0.39
0.03; 0.38
0.02; 0.37
0.01; 0.39
0.02; 0.39
0.01; 0.39
0.01; 0.38
0.01; 0.38
0.03; 0.39
0.01; 0.38
0.02; 0.37
0.03; 0.38
0.02; 0.38
0.01; 0.38
0.03; 0.38
0.02; 0.38
0.03; 0.39
0.02; 0.38
0.02; 0.37
0.02; 0.39
0.02; 0.38
0.03; 0.39
0.02; 0.38
0.02; 0.38
0.01; 0.39
0.02; 0.38
0.01; 0.38
0.03; 0.38
0.02; 0.39
0.03; 0.39
0.03; 0.37
0.03; 0.38
0.02; 0.39
0.02; 0.38
0.02; 0.38
0.03; 0.38
0.03; 0.38
0.02; 0.38
0.02; 0.38
0.01; 0.38
0.02; 0.39
0.02; 0.38
0.02; 0.38
0.02; 0.38
0.02; 0.38
0.03; 0.39
0.02; 0.38
0.02; 0.38
0.02; 0.39
0.01; 0.39
0.03; 0.38
0.02; 0.39
0.03; 0.38
0.01; 0.39
0.03; 0.38
0.01; 0.38
0.02; 0.39
0.03; 0.39
0.01; 0.38
0.03; 0.38
0.02; 0.38
0.02; 0.39
0.01; 0.38
0.02; 0.37
0.02; 0.38
0.02; 0.38
0.01; 0.37
0.03; 0.37
0.03; 0.36
0.03; 0.37
0.03; 0.35
0.03; 0.34
0.05; 0.36
0.03; 0.34
0.03; 0.34
0.06; 0.34
0.04; 0.32
0.07; 0.33
0.05; 0.32
0.05; 0.32
0.05; 0.34
0.06; 0.33
0.04; 0.33
0.05; 0.33
0.05; 0.34
0.05; 0.34
0.05; 0.33
0.04; 0.32
0.07; 0.34
0.04; 0.34
0.06; 0.33
0.05; 0.33
0.06; 0.33
0.04; 0.34
0.07; 0.34
0.06; 0.32
0.04; 0.34
0.05; 0.33
0.05; 0.34
0.05; 0.33
0.05; 0.33
0.06; 0.34
0.07; 0.33
0.04; 0.32
0.06; 0.33
0.06; 0.33
0.05; 0.33
0.06; 0.33
0.04; 0.33
0.05; 0.35
0.07; 0.33
0.05; 0.33
0.04; 0.34
0.05; 0.34
0.05; 0.34
0.06; 0.33
0.05; 0.33
0.06; 0.35
0.06; 0.33
0.04; 0.33
0.06; 0.33
0.06; 0.33
0.05; 0.33
0.06; 0.33
0.06; 0.33
0.05; 0.34
0.05; 0.33
0.04; 0.33
0.04; 0.34
0.04; 0.33
0.04; 0.34
0.05; 0.33
0.04; 0.33
0.04; 0.34
0.05; 0.34
0.05; 0.33
0.04; 0.34
0.04; 0.33
0.04; 0.34
0.05; 0.33
0.05; 0.33
0.04; 0.34
0.06; 0.34
0.04; 0.33
0.05; 0.34
0.05; 0.33
0.05; 0.34
0.05; 0.33
0.05; 0.33
0.05; 0.34
0.05; 0.34
0.05; 0.33
0.04; 0.33
0.04; 0.33
0.06; 0.34
0.06; 0.33
0.05; 0.32
0.06; 0.34
0.05; 0.34
0.05; 0.34
0.05; 0.34
0.05; 0.33
0.05; 0.34
0.04; 0.33
0.04; 0.32
0.05; 0.34
0.04; 0.34
0.04; 0.34
0.05; 0.33
0.05; 0.33
0.03; 0.34
0.04; 0.33
0.05; 0.33
0.06; 0.34
0.05; 0.34
0.03; 0.34
0.04; 0.33
0.04; 0.33
0.04; 0.35
0.05; 0.34
0.04; 0.33
0.06; 0.34
0.06; 0.34
0.04; 0.34
0.05; 0.33
0.06; 0.33
0.05; 0.35
0.07; 0.33
0.05; 0.32
0.06; 0.33
0.05; 0.34
0.05; 0.34
0.06; 0.33
0.03; 0.33
0.06; 0.34
0.06; 0.33
0.04; 0.33
0.04; 0.34
0.05; 0.34
0.03; 0.34
0.06; 0.33
0.06; 0.33
0.05; 0.35
0.07; 0.34
0.05; 0.33
0.05; 0.34
0.05; 0.34
0.05; 0.34
0.04; 0.33
0.06; 0.33
0.05; 0.34
0.07; 0.33
0.05; 0.32
0.07; 0.33
0.05; 0.33
0.06; 0.33
0.05; 0.33
0.04; 0.33
0.07; 0.34
0.06; 0.33
0.05; 0.32
0.06; 0.33
0.05; 0.34
0.06; 0.34
0.06; 0.33
0.04; 0.33
0.05; 0.34
0.05; 0.34
0.04; 0.33
0.05; 0.34
0.04; 0.34
0.05; 0.34
0.05; 0.33
0.04; 0.33
0.04; 0.34
0.04; 0.34
0.04; 0.33
0.05; 0.34
0.05; 0.34
0.04; 0.35
0.05; 0.34
0.06; 0.33
0.06; 0.35
0.05; 0.35
0.04; 0.34
0.05; 0.34
0.03; 0.34
0.03; 0.35
0.05; 0.34
0.03; 0.33
0.04; 0.35
0.03; 0.35
0.04; 0.35
0.05; 0.34
0.04; 0.35
0.04; 0.35
0.04; 0.34
0.04; 0.33
0.05; 0.35
0.05; 0.35
0.03; 0.35
0.05; 0.34
0.05; 0.34
0.03; 0.36
0.05; 0.35
0.03; 0.34
0.03; 0.35
0.03; 0.35
0.03; 0.35
0.03; 0.35
0.06; 0.34
0.03; 0.35
0.04; 0.34
0.05; 0.32
0.05; 0.33
0.05; 0.34
0.05; 0.33
0.05; 0.33
0.05; 0.33
0.05; 0.34
0.06; 0.33
0.06; 0.32
0.05; 0.33
0.04; 0.33
0.04; 0.33
0.07; 0.32
0.06; 0.32
0.06; 0.33
0.06; 0.31
0.06; 0.31
0.05; 0.32
0.05; 0.32
0.07; 0.31
0.06; 0.30
0.08; 0.30
0.07; 0.30
0.07; 0.29
0.09; 0.28
0.09; 0.28
0.07; 0.28
0.09; 0.29
0.08; 0.28
0.08; 0.28
0.08; 0.29
0.08; 0.29
0.08; 0.28
0.07; 0.29
0.07; 0.30
0.09; 0.29
0.08; 0.28
0.07; 0.28
0.09; 0.30
0.08; 0.28
0.08; 0.28
0.09; 0.29
0.07; 0.29
0.08; 0.29
0.09; 0.27
0.08; 0.28
0.07; 0.30
0.07; 0.28
0.07; 0.28
0.09; 0.29
0.07; 0.28
0.08; 0.29
0.08; 0.28
0.07; 0.28
0.07; 0.28
0.07; 0.28
0.07; 0.28
0.09; 0.28
0.08; 0.28
0.07; 0.29
0.09; 0.28
0.07; 0.27
0.07; 0.28
0.08; 0.29
0.07; 0.28
0.08; 0.28
0.07; 0.29
0.07; 0.29
0.08; 0.28
0.07; 0.27
0.08; 0.29
0.07; 0.29
0.08; 0.28
0.07; 0.28
0.08; 0.27
0.10; 0.28
0.08; 0.28
0.08; 0.26
0.08; 0.27
0.10; 0.28
0.08; 0.28
0.07; 0.27
0.08; 0.27
0.09; 0.29
0.07; 0.28
0.09; 0.27
0.09; 0.28
0.07; 0.28
0.07; 0.28
0.08; 0.28
0.06; 0.28
0.09; 0.29
0.10; 0.28
0.07; 0.26
0.08; 0.28
0.07; 0.28
0.09; 0.28
0.08; 0.27
0.08; 0.27
0.08; 0.28
0.10; 0.27
0.08; 0.26
0.07; 0.27
0.09; 0.27
0.09; 0.27
0.07; 0.26
0.10; 0.26
0.11; 0.27
0.09; 0.26
0.09; 0.25
0.11; 0.26
0.10; 0.26
0.11; 0.26
0.11; 0.25
0.10; 0.25
0.07; 0.26
0.09; 0.26
0.09; 0.25
0.09; 0.26
0.09; 0.26
0.09; 0.26
0.09; 0.25
0.09; 0.26
0.09; 0.27
0.11; 0.26
0.10; 0.25
0.10; 0.26
0.11; 0.26
0.07; 0.26
0.09; 0.25
0.07; 0.25
0.11; 0.27
0.09; 0.26
0.07; 0.25
0.07; 0.26
0.11; 0.26
0.11; 0.27
0.09; 0.25
0.10; 0.26
0.09; 0.26
0.11; 0.26
0.10; 0.26
0.09; 0.26
0.07; 0.26
0.10; 0.27
0.10; 0.26
0.07; 0.26
0.11; 0.26
0.10; 0.27
0.09; 0.26
0.10; 0.26
0.10; 0.26
0.08; 0.27
0.08; 0.26
0.07; 0.25
0.10; 0.26
0.09; 0.26
0.08; 0.26
0.07; 0.26
0.10; 0.26
0.10; 0.27
0.09; 0.26
0.10; 0.25
0.07; 0.27
0.09; 0.27
0.10; 0.27
0.09; 0.26
0.09; 0.26
0.10; 0.27
0.07; 0.26
0.11; 0.25
0.09; 0.27
0.10; 0.27
0.10; 0.26
0.09; 0.26
0.07; 0.26
0.09; 0.27
0.10; 0.26
0.10; 0.25
0.10; 0.27
0.10; 0.26
0.08; 0.26
0.07; 0.26
0.10; 0.26
0.10; 0.27
0.09; 0.26
0.07; 0.25
0.10; 0.26
0.07; 0.27
0.08; 0.27
0.09; 0.26
0.09; 0.26
0.07; 0.27
0.10; 0.26
0.10; 0.25
0.10; 0.26
0.09; 0.27
0.08; 0.27
0.10; 0.26
0.09; 0.26
0.09; 0.27
0.09; 0.26
0.10; 0.25
0.10; 0.26
0.10; 0.27
0.10; 0.26
0.11; 0.26
0.10; 0.26
0.10; 0.28
0.09; 0.26
0.09; 0.26
0.10; 0.26
0.10; 0.27
0.10; 0.26
0.10; 0.26
0.10; 0.26
0.09; 0.27
0.09; 0.26
0.08; 0.26
0.09; 0.26
0.09; 0.26
0.09; 0.27
0.09; 0.25
0.09; 0.26
0.08; 0.27
0.09; 0.26
0.09; 0.26
0.10; 0.26
0.09; 0.26
0.07; 0.26
0.09; 0.26
0.09; 0.26
0.10; 0.27
0.11; 0.27
0.10; 0.26
0.09; 0.27
0.07; 0.26
0.10; 0.27
0.10; 0.26
0.10; 0.26
0.10; 0.26
0.11; 0.26
0.10; 0.26
0.11; 0.26
0.09; 0.26
0.10; 0.27
0.11; 0.26
0.10; 0.25
0.08; 0.26
0.10; 0.26
0.09; 0.26
0.09; 0.26
0.09; 0.26
0.09; 0.27
0.07; 0.26
0.10; 0.25
0.07; 0.27
0.10; 0.26
0.10; 0.26
0.09; 0.26
0.07; 0.26
0.09; 0.27
0.09; 0.26
0.10; 0.25
0.07; 0.27
0.10; 0.26
0.10; 0.27
0.07; 0.26
0.08; 0.26
0.10; 0.27
0.10; 0.26
0.10; 0.25
0.09; 0.27
0.08; 0.27
0.10; 0.27
0.11; 0.26
0.09; 0.26
0.10; 0.27
0.12; 0.26
0.07; 0.25
0.11; 0.27
0.09; 0.27
0.08; 0.26
0.11; 0.26
0.10; 0.26
0.10; 0.27
0.10; 0.26
0.07; 0.26
0.09; 0.26
0.07; 0.27
0.07; 0.27
0.07; 0.26
0.07; 0.26
0.10; 0.27
0.10; 0.26
0.10; 0.26
0.09; 0.27
0.10; 0.26
0.08; 0.27
0.10; 0.26
0.10; 0.26
0.07; 0.27
0.09; 0.26
0.09; 0.26
0.10; 0.27
0.07; 0.27
0.07; 0.27
0.11; 0.26
0.07; 0.26
0.09; 0.27
0.08; 0.26
0.10; 0.26
0.11; 0.27
0.09; 0.27
0.10; 0.26
0.10; 0.26
0.07; 0.26
0.11; 0.27
0.09; 0.26
0.10; 0.26
0.09; 0.26
0.11; 0.26
0.08; 0.27
0.09; 0.26
0.10; 0.26
0.08; 0.27
0.10; 0.26
0.07; 0.26
0.10; 0.26
0.07; 0.26
0.09; 0.27
0.09; 0.26
0.10; 0.26
0.09; 0.26
0.10; 0.26
0.09; 0.26
0.09; 0.26
0.10; 0.27
0.09; 0.27
0.10; 0.26
0.10; 0.25
0.07; 0.27
0.10; 0.27
0.09; 0.26
0.10; 0.26
0.07; 0.27
0.07; 0.27
0.10; 0.26
0.08; 0.25
0.09; 0.26
0.10; 0.27
0.09; 0.26
0.10; 0.26
0.08; 0.26
0.07; 0.27
0.10; 0.26
0.10; 0.25
0.08; 0.27
0.07; 0.27
0.09; 0.27
0.10; 0.26
0.09; 0.26
0.09; 0.27
0.10; 0.26
0.07; 0.25
0.10; 0.26
0.10; 0.27
0.07; 0.27
0.09; 0.26
0.08; 0.26
0.10; 0.27
0.10; 0.26
0.10; 0.26
0.11; 0.26
0.10; 0.27
0.08; 0.27
0.08; 0.26
0.10; 0.26
0.10; 0.27
0.10; 0.26
0.11; 0.26
0.09; 0.27
0.07; 0.27
0.09; 0.26
0.07; 0.26
0.10; 0.26
0.09; 0.27
0.10; 0.26
0.10; 0.26
0.09; 0.27
0.10; 0.27
0.07; 0.26
0.10; 0.26
0.09; 0.26
0.09; 0.27
0.10; 0.26
0.10; 0.26
0.10; 0.26
0.10; 0.27
0.08; 0.27
0.10; 0.26
0.09; 0.26
0.10; 0.27
0.09; 0.26
0.09; 0.26
0.10; 0.26
0.11; 0.26
0.08; 0.26
0.11; 0.26
0.09; 0.26
0.07; 0.27
0.10; 0.26
0.09; 0.26
0.10; 0.26
0.11; 0.26
0.07; 0.27
0.10; 0.26
0.08; 0.26
0.10; 0.26
0.10; 0.26
0.10; 0.26
0.11; 0.26
0.09; 0.26
0.09; 0.27
0.10; 0.26
0.10; 0.25
0.09; 0.27
0.07; 0.26
0.07; 0.26
0.11; 0.26
0.09; 0.26
0.09; 0.27
0.10; 0.26
0.08; 0.25
0.10; 0.26
0.10; 0.26
0.08; 0.26
0.07; 0.26
0.10; 0.26
0.09; 0.27
0.11; 0.26
0.10; 0.25
0.11; 0.26
0.09; 0.26
0.09; 0.27
0.10; 0.26
0.09; 0.26
0.07; 0.27
0.10; 0.26
0.09; 0.25
0.11; 0.26
0.09; 0.26
0.10; 0.26
0.11; 0.26
0.09; 0.26
0.10; 0.27
0.09; 0.26
0.10; 0.25
0.11; 0.27
0.10; 0.26
0.07; 0.26
0.09; 0.26
0.07; 0.26
0.10; 0.27
0.11; 0.26
0.09; 0.26
0.07; 0.26
0.10; 0.27
0.07; 0.27
0.10; 0.26
0.07; 0.26
0.09; 0.27
0.11; 0.26
0.09; 0.26
0.11; 0.27
0.10; 0.27
0.07; 0.27
0.08; 0.26
0.09; 0.26
0.10; 0.28
0.09; 0.26
0.09; 0.26
0.07; 0.27
0.11; 0.27
0.10; 0.26
0.07; 0.26
0.10; 0.26
0.07; 0.27
0.07; 0.27
0.11; 0.26
0.12; 0.27
0.10; 0.27
0.09; 0.27
0.09; 0.26
0.09; 0.26
0.10; 0.27
0.07; 0.26
0.09; 0.26
0.09; 0.26
0.10; 0.27
0.07; 0.26
0.10; 0.26
0.10; 0.26
0.09; 0.27
0.10; 0.26
0.09; 0.26
0.10; 0.26
0.10; 0.26
0.10; 0.27
0.10; 0.26
0.10; 0.25
0.09; 0.27
0.09; 0.26
0.07; 0.26
0.09; 0.26
0.07; 0.26
0.10; 0.27
0.10; 0.26
0.09; 0.25
0.09; 0.27
0.08; 0.27
0.07; 0.26
0.09; 0.26
0.10; 0.26
0.10; 0.27
0.10; 0.26
0.09; 0.25
0.07; 0.27
0.11; 0.27
0.09; 0.26
0.10; 0.26
0.10; 0.26
0.09; 0.26
0.10; 0.25
0.11; 0.24
0.10; 0.25
0.10; 0.26
0.10; 0.26
0.09; 0.26
0.10; 0.25
0.11; 0.26
0.11; 0.25
0.10; 0.23
0.11; 0.25
0.10; 0.25
0.10; 0.25
0.09; 0.25
0.10; 0.24
0.10; 0.25
0.11; 0.24
0.10; 0.23
0.11; 0.24
0.11; 0.24
0.11; 0.24
0.11; 0.23
0.10; 0.24
0.11; 0.25
0.11; 0.24
0.11; 0.23
0.12; 0.24
0.11; 0.25
0.11; 0.24
0.11; 0.23
0.11; 0.24
0.11; 0.25
0.11; 0.24
0.10; 0.24
0.11; 0.25
0.11; 0.25
0.10; 0.25
0.11; 0.24
0.10; 0.24
0.11; 0.25
0.13; 0.24
0.10; 0.24
0.09; 0.25
0.09; 0.25
0.10; 0.25
0.12; 0.24
0.11; 0.24
0.10; 0.25
0.11; 0.25
0.10; 0.24
0.10; 0.25
0.10; 0.25
0.10; 0.25
0.09; 0.24
0.09; 0.24
0.11; 0.25
0.10; 0.25
0.10; 0.24
0.09; 0.25
0.10; 0.25
0.10; 0.25
0.11; 0.24
0.11; 0.24
0.11; 0.25
0.09; 0.25
0.10; 0.24
0.13; 0.25
0.10; 0.25
0.09; 0.25
0.10; 0.24
0.10; 0.24
0.10; 0.25
0.10; 0.25
0.10; 0.25
0.11; 0.25
0.11; 0.25
0.10; 0.25
0.11; 0.24
0.09; 0.24
0.10; 0.25
0.11; 0.25
0.10; 0.25
0.11; 0.25
0.10; 0.25
0.09; 0.26
0.10; 0.25
0.10; 0.24
0.09; 0.25
0.10; 0.25
0.10; 0.25
0.10; 0.25
0.10; 0.25
0.09; 0.26
0.09; 0.25
0.10; 0.24
0.09; 0.25
0.09; 0.25
0.09; 0.25
0.09; 0.25
0.09; 0.25
0.10; 0.26
0.11; 0.25
0.10; 0.24
0.10; 0.26
0.09; 0.25
0.11; 0.25
0.09; 0.25
0.09; 0.25
0.09; 0.26
0.09; 0.25
0.10; 0.24
0.09; 0.25
0.09; 0.25
0.10; 0.25
0.10; 0.25
0.10; 0.25
0.09; 0.26
0.09; 0.25
0.10; 0.24
0.10; 0.25
0.10; 0.25
0.09; 0.26
0.11; 0.24
0.09; 0.25
0.10; 0.26
0.11; 0.25
0.09; 0.24
0.09; 0.25
0.11; 0.25
0.10; 0.25
0.10; 0.25
0.11; 0.25
0.11; 0.26
0.09; 0.25
0.09; 0.24
0.10; 0.25
0.09; 0.25
0.10; 0.25
0.09; 0.24
0.10; 0.24
0.10; 0.25
0.09; 0.25
0.09; 0.24
0.10; 0.26
0.10; 0.25
0.10; 0.25
0.10; 0.24
0.09; 0.25
0.09; 0.25
0.11; 0.25
0.10; 0.24
0.10; 0.25
0.11; 0.25
0.10; 0.25
0.09; 0.24
0.10; 0.24
0.09; 0.25
0.10; 0.25
0.11; 0.24
0.10; 0.25
0.11; 0.25
0.11; 0.26
0.10; 0.24
0.10; 0.24
0.09; 0.25
0.11; 0.26
0.09; 0.25
0.10; 0.25
0.09; 0.25
0.09; 0.26
0.11; 0.24
0.10; 0.24
0.10; 0.25
0.10; 0.25
0.10; 0.25
0.11; 0.25
0.09; 0.25
0.09; 0.26
0.11; 0.25
0.11; 0.24
0.10; 0.25
0.11; 0.25
0.10; 0.25
0.10; 0.25
0.11; 0.25
0.11; 0.26
0.10; 0.25
0.10; 0.24
0.09; 0.25
0.11; 0.25
0.11; 0.25
0.11; 0.25
0.11; 0.25
0.11; 0.26
0.09; 0.25
0.11; 0.24
0.09; 0.25
0.10; 0.26
0.11; 0.26
0.11; 0.25
0.10; 0.25
0.10; 0.26
0.10; 0.25
0.10; 0.24
0.11; 0.25
0.10; 0.26
0.07; 0.25
0.10; 0.24
0.10; 0.25
0.10; 0.26
0.10; 0.25
0.10; 0.24
0.10; 0.25
0.10; 0.25
0.10; 0.25
0.10; 0.24
0.10; 0.24
0.10; 0.26
0.10; 0.24
0.10; 0.24
0.11; 0.25
0.11; 0.25
0.10; 0.25
0.10; 0.24
0.10; 0.24
0.12; 0.25
0.10; 0.24
0.09; 0.24
0.09; 0.25
0.09; 0.25
0.10; 0.25
0.10; 0.24
0.10; 0.24
0.10; 0.26
0.10; 0.24
0.09; 0.24
0.09; 0.25
0.11; 0.24
0.10; 0.25
0.10; 0.23
0.11; 0.24
0.10; 0.24
0.11; 0.24
0.11; 0.23
0.11; 0.24
0.13; 0.24
0.12; 0.24
0.11; 0.23
0.11; 0.23
0.11; 0.23
0.10; 0.24
0.09; 0.23
0.09; 0.23
0.11; 0.24
0.12; 0.23
0.11; 0.22
0.11; 0.22
0.11; 0.23
0.11; 0.23
0.09; 0.22
0.11; 0.23
0.11; 0.23
0.11; 0.23
0.13; 0.22
0.13; 0.21
0.12; 0.23
0.11; 0.23
0.11; 0.22
0.11; 0.23
0.11; 0.23
0.11; 0.23
0.11; 0.22
0.11; 0.21
0.12; 0.23
0.11; 0.23
0.12; 0.22
0.13; 0.21
0.11; 0.22
0.11; 0.22
0.13; 0.21
0.14; 0.21
0.13; 0.22
0.12; 0.22
0.12; 0.22
0.12; 0.21
0.13; 0.21
0.12; 0.23
0.13; 0.21
0.12; 0.21
0.13; 0.21
0.11; 0.22
0.12; 0.22
0.11; 0.21
0.11; 0.22
0.13; 0.22
0.13; 0.21
0.11; 0.20
0.14; 0.21
0.12; 0.22
0.11; 0.21
0.13; 0.21
0.14; 0.20
0.12; 0.21
0.15; 0.21
0.12; 0.20
0.14; 0.21
0.12; 0.21
0.13; 0.21
0.14; 0.20
0.12; 0.21
0.12; 0.22
0.13; 0.21
0.14; 0.20
0.13; 0.21
0.13; 0.21
0.13; 0.21
0.13; 0.20
0.14; 0.21
0.15; 0.21
0.14; 0.20
0.14; 0.20
0.13; 0.20
0.14; 0.21
0.14; 0.21
0.13; 0.19
0.14; 0.20
0.13; 0.21
0.14; 0.20
0.13; 0.20
0.14; 0.20
0.13; 0.21
0.12; 0.21
0.13; 0.20
0.14; 0.20
0.15; 0.21
0.14; 0.21
0.13; 0.20
0.14; 0.21
0.12; 0.21
0.14; 0.21
0.13; 0.20
0.13; 0.21
0.12; 0.21
0.13; 0.21
0.13; 0.20
0.14; 0.21
0.13; 0.20
0.14; 0.21
0.12; 0.20
0.13; 0.20
0.13; 0.21
0.15; 0.21
0.14; 0.20
0.13; 0.21
0.14; 0.21
0.12; 0.21
0.13; 0.20
0.13; 0.20
0.13; 0.21
0.13; 0.21
0.14; 0.21
0.13; 0.20
0.12; 0.21
0.12; 0.22
0.15; 0.20
0.13; 0.20
0.12; 0.21
0.13; 0.21
0.13; 0.21
0.12; 0.21
0.13; 0.21
0.12; 0.22
0.15; 0.21
0.12; 0.20
0.13; 0.21
0.12; 0.21
0.14; 0.21
0.14; 0.21
0.12; 0.21
0.13; 0.22
0.14; 0.21
0.13; 0.20
0.12; 0.21
0.14; 0.21
0.14; 0.21
0.14; 0.20
0.13; 0.21
0.12; 0.22
0.14; 0.21
0.12; 0.20
0.12; 0.21
0.12; 0.21
0.12; 0.21
0.12; 0.20
0.12; 0.21
0.13; 0.22
0.13; 0.21
0.13; 0.20
0.13; 0.21
0.13; 0.21
0.13; 0.21
0.14; 0.20
0.14; 0.20
0.14; 0.21
0.13; 0.21
0.15; 0.20
0.12; 0.21
0.14; 0.21
0.12; 0.21
0.13; 0.20
0.12; 0.21
0.11; 0.22
0.12; 0.21
0.13; 0.20
0.14; 0.21
0.14; 0.21
0.14; 0.21
0.13; 0.20
0.14; 0.21
0.14; 0.22
0.14; 0.21
0.14; 0.20
0.12; 0.21
0.14; 0.21
0.13; 0.21
0.14; 0.20
0.12; 0.21
0.12; 0.21
0.13; 0.21
0.13; 0.20
0.12; 0.21
0.14; 0.21
0.12; 0.21
0.14; 0.20
0.14; 0.20
0.14; 0.22
0.14; 0.21
0.13; 0.20
0.12; 0.21
0.14; 0.21
0.13; 0.21
0.13; 0.20
0.14; 0.21
0.14; 0.21
0.14; 0.21
0.12; 0.20
0.13; 0.21
0.13; 0.21
0.13; 0.21
0.14; 0.20
0.13; 0.20
0.12; 0.21
0.12; 0.21
0.14; 0.20
0.14; 0.20
0.13; 0.20
0.14; 0.21
0.14; 0.20
0.13; 0.19
0.15; 0.21
0.13; 0.20
0.14; 0.20
0.14; 0.20
0.14; 0.20
0.15; 0.21
0.13; 0.19
0.15; 0.19
0.15; 0.19
0.15; 0.18
0.17; 0.18
0.14; 0.17
0.14; 0.18
0.15; 0.19
0.15; 0.18
0.13; 0.17
0.14; 0.18
0.14; 0.18
0.15; 0.18
0.15; 0.18
0.15; 0.18
0.13; 0.19
0.15; 0.18
0.15; 0.17
0.15; 0.19
0.15; 0.19
0.13; 0.19
0.14; 0.18
0.15; 0.18
0.15; 0.19
0.15; 0.18
0.15; 0.17
0.15; 0.18
0.15; 0.18
0.17; 0.18
0.15; 0.17
0.15; 0.17
0.15; 0.19
0.17; 0.17
0.15; 0.16
0.15; 0.18
0.15; 0.18
0.15; 0.18
0.15; 0.17
0.15; 0.17
0.15; 0.18
0.15; 0.17
0.15; 0.16
0.15; 0.17
0.15; 0.18
0.15; 0.17
0.15; 0.17
0.14; 0.17
0.15; 0.18
0.17; 0.17
0.15; 0.17
0.17; 0.18
0.15; 0.18
0.15; 0.18
0.15; 0.17
0.15; 0.17
0.15; 0.18
0.16; 0.17
0.15; 0.17
0.15; 0.18
0.13; 0.18
0.15; 0.18
0.15; 0.17
0.17; 0.17
0.17; 0.18
0.17; 0.18
0.15; 0.17
0.14; 0.18
0.17; 0.18
0.15; 0.18
0.13; 0.17
0.15; 0.18
0.15; 0.18
0.15; 0.18
0.17; 0.17
0.16; 0.18
0.14; 0.18
0.14; 0.18
0.14; 0.17
0.15; 0.17
0.15; 0.18
0.16; 0.18
0.14; 0.17
0.15; 0.18
0.13; 0.18
0.15; 0.18
0.15; 0.17
0.14; 0.17
0.15; 0.18
0.17; 0.18
0.15; 0.17
0.14; 0.18
0.15; 0.18
0.15; 0.18
0.15; 0.17
0.15; 0.17
0.15; 0.18
0.14; 0.18
0.15; 0.18
0.15; 0.18
0.15; 0.18
0.14; 0.18
0.15; 0.17
0.15; 0.17
0.15; 0.18
0.16; 0.18
0.15; 0.18
0.14; 0.18
0.15; 0.18
0.15; 0.19
0.16; 0.18
0.17; 0.17
0.15; 0.18
0.15; 0.18
0.15; 0.18
0.16; 0.17
0.15; 0.18
0.15; 0.19
0.15; 0.18
0.15; 0.17
0.16; 0.18
0.15; 0.18
0.14; 0.18
0.15; 0.17
0.15; 0.18
0.15; 0.18
0.15; 0.18
0.16; 0.17
0.15; 0.18
0.15; 0.19
0.15; 0.18
0.14; 0.17
0.17; 0.18
0.15; 0.19
0.15; 0.18
0.15; 0.17
0.15; 0.18
0.16; 0.18
0.16; 0.18
0.16; 0.17
0.14; 0.18
0.15; 0.19
0.15; 0.18
0.15; 0.17
0.15; 0.18
0.15; 0.18
0.15; 0.18
0.14; 0.17
0.15; 0.17
0.15; 0.19
0.15; 0.18
0.16; 0.17
0.15; 0.18
0.15; 0.18
0.15; 0.18
0.15; 0.17
0.15; 0.17
0.15; 0.18
0.15; 0.18
0.15; 0.17
0.15; 0.18
0.13; 0.18
0.14; 0.18
0.14; 0.17
0.13; 0.18
0.15; 0.18
0.15; 0.18
0.14; 0.17
0.15; 0.18
0.15; 0.18
0.16; 0.18
0.15; 0.17
0.15; 0.17
0.15; 0.19
0.15; 0.18
0.13; 0.17
0.14; 0.18
0.13; 0.18
0.14; 0.18
0.15; 0.17
0.15; 0.18
0.15; 0.18
0.15; 0.18
0.15; 0.17
0.15; 0.18
0.15; 0.18
0.17; 0.18
0.15; 0.17
0.15; 0.17
0.13; 0.18
0.16; 0.18
0.15; 0.18
0.16; 0.18
0.15; 0.18
0.15; 0.19
0.15; 0.17
0.15; 0.17
0.15; 0.18
0.16; 0.18
0.15; 0.18
0.15; 0.18
0.15; 0.18
0.15; 0.18
0.15; 0.17
0.14; 0.17
0.15; 0.18
0.15; 0.18
0.13; 0.18
0.15; 0.18
0.15; 0.18
0.15; 0.19
0.14; 0.17
0.15; 0.17
0.15; 0.18
0.15; 0.18
0.15; 0.18
0.16; 0.18
0.15; 0.18
0.15; 0.19
0.15; 0.18
0.15; 0.17
0.14; 0.18
0.15; 0.19
0.16; 0.18
0.17; 0.17
0.15; 0.18
0.15; 0.19
0.15; 0.18
0.15; 0.17
0.17; 0.18
0.15; 0.18
0.17; 0.18
0.15; 0.17
0.15; 0.18
0.16; 0.19
0.15; 0.18
0.14; 0.17
0.15; 0.18
0.15; 0.18
0.15; 0.18
0.15; 0.17
0.14; 0.18
0.15; 0.18
0.17; 0.17
0.15; 0.17
0.15; 0.18
0.17; 0.18
0.14; 0.18
0.15; 0.17
0.15; 0.18
0.15; 0.19
0.15; 0.18
0.15; 0.17
0.15; 0.18
0.15; 0.18
0.15; 0.18
0.14; 0.17
0.14; 0.18
0.15; 0.19
0.15; 0.18
0.17; 0.17
0.15; 0.18
0.15; 0.18
0.15; 0.18
0.17; 0.17
0.15; 0.18
0.15; 0.19
0.16; 0.17
0.17; 0.17
0.15; 0.17
0.15; 0.18
0.17; 0.18
0.15; 0.17
0.17; 0.17
0.15; 0.18
0.16; 0.17
0.15; 0.16
0.15; 0.17
0.17; 0.17
0.15; 0.17
0.16; 0.16
0.17; 0.16
0.15; 0.17
0.16; 0.17
0.16; 0.16
0.17; 0.17
0.15; 0.17
0.15; 0.17
0.16; 0.16
0.17; 0.16
0.15; 0.17
0.15; 0.17
0.15; 0.16
0.15; 0.17
0.15; 0.17
0.17; 0.17
0.16; 0.16
0.15; 0.16
0.17; 0.17
0.15; 0.17
0.17; 0.16
0.15; 0.16
0.16; 0.17
0.16; 0.17
0.17; 0.16
0.16; 0.15
0.15; 0.16
0.16; 0.16
0.16; 0.16
0.16; 0.16
0.16; 0.16
0.17; 0.17
0.17; 0.16
0.16; 0.15
0.17; 0.16
0.17; 0.16
0.17; 0.16
0.18; 0.16
0.16; 0.16
0.16; 0.17
0.16; 0.16
0.17; 0.15
0.17; 0.17
0.16; 0.16
0.16; 0.17
0.17; 0.16
0.16; 0.16
0.16; 0.17
0.16; 0.16
0.16; 0.15
0.18; 0.16
0.16; 0.16
0.16; 0.16
0.17; 0.16
0.16; 0.16
0.16; 0.16
0.17; 0.16
0.18; 0.15
0.18; 0.16
0.17; 0.16
0.18; 0.16
0.16; 0.15
0.18; 0.15
0.17; 0.17
0.17; 0.16
0.19; 0.15
0.17; 0.15
0.16; 0.16
0.16; 0.16
0.18; 0.15
0.19; 0.15
0.17; 0.16
0.17; 0.15
0.18; 0.14
0.19; 0.15
0.17; 0.16
0.18; 0.15
0.18; 0.14
0.16; 0.15
0.19; 0.16
0.18; 0.15
0.17; 0.14
0.18; 0.15
0.17; 0.15
0.17; 0.15
0.18; 0.14
0.18; 0.15
0.18; 0.15
0.17; 0.15
0.17; 0.14
0.18; 0.15
0.17; 0.16
0.18; 0.15
0.17; 0.14
0.19; 0.15
0.18; 0.16
0.17; 0.15
0.18; 0.14
0.18; 0.15
0.17; 0.15
0.18; 0.15
0.17; 0.14
0.19; 0.15
0.17; 0.16
0.19; 0.15
0.18; 0.14
0.17; 0.15
0.18; 0.15
0.18; 0.15
0.17; 0.14
0.17; 0.14
0.17; 0.15
0.18; 0.15
0.18; 0.14
0.19; 0.15
0.18; 0.15
0.18; 0.16
0.18; 0.14
0.19; 0.15
0.19; 0.15
0.18; 0.16
0.18; 0.15
0.18; 0.15
0.17; 0.15
0.18; 0.16
0.18; 0.14
0.17; 0.14
0.17; 0.15
0.18; 0.15
0.17; 0.15
0.21; 0.15
0.17; 0.15
0.17; 0.16
0.17; 0.15
0.19; 0.14
0.15; 0.15
0.17; 0.15
0.19; 0.15
0.19; 0.15
0.18; 0.15
0.17; 0.16
0.19; 0.15
0.17; 0.14
0.18; 0.15
0.16; 0.15
0.17; 0.15
0.17; 0.14
0.17; 0.15
0.17; 0.15
0.18; 0.15
0.18; 0.14
0.19; 0.15
0.18; 0.15
0.17; 0.15
0.18; 0.14
0.18; 0.15
0.18; 0.16
0.19; 0.15
0.18; 0.14
0.18; 0.15
0.17; 0.15
0.18; 0.15
0.18; 0.14
0.19; 0.15
0.19; 0.16
0.17; 0.15
0.18; 0.14
0.17; 0.15
0.17; 0.15
0.18; 0.15
0.18; 0.14
0.16; 0.15
0.17; 0.16
0.18; 0.15
0.19; 0.14
0.18; 0.15
0.17; 0.16
0.17; 0.15
0.18; 0.14
0.17; 0.15
0.19; 0.15
0.18; 0.15
0.18; 0.14
0.18; 0.15
0.19; 0.15
0.18; 0.15
0.18; 0.14
0.17; 0.15
0.19; 0.16
0.18; 0.15
0.17; 0.14
0.18; 0.15
0.18; 0.15
0.17; 0.15
0.17; 0.14
0.17; 0.15
0.17; 0.16
0.19; 0.15
0.18; 0.14
0.18; 0.15
0.17; 0.16
0.17; 0.15
0.18; 0.14
0.17; 0.15
0.18; 0.16
0.18; 0.15
0.19; 0.14
0.19; 0.15
0.17; 0.15
0.17; 0.15
0.18; 0.14
0.18; 0.15
0.19; 0.16
0.18; 0.15
0.19; 0.14
0.18; 0.15
0.18; 0.15
0.19; 0.15
0.18; 0.14
0.18; 0.15
0.19; 0.15
0.18; 0.15
0.18; 0.14
0.18; 0.15
0.17; 0.15
0.17; 0.15
0.17; 0.14
0.18; 0.14
0.17; 0.15
0.17; 0.15
0.18; 0.14
0.17; 0.15
0.18; 0.15
0.17; 0.15
0.19; 0.14
0.18; 0.14
0.19; 0.15
0.19; 0.15
0.19; 0.13
0.18; 0.14
0.18; 0.14
0.18; 0.15
0.18; 0.13
0.19; 0.13
0.19; 0.14
0.17; 0.14
0.20; 0.13
0.21; 0.13
0.19; 0.13
0.19; 0.13
0.19; 0.13
0.18; 0.12
0.19; 0.13
0.19; 0.13
0.19; 0.13
0.19; 0.12
0.19; 0.13
0.21; 0.14
0.21; 0.12
0.19; 0.12
0.19; 0.13
0.19; 0.13
0.21; 0.13
0.19; 0.13
0.19; 0.13
0.19; 0.14
0.19; 0.13
0.19; 0.12
0.18; 0.13
0.19; 0.14
0.19; 0.13
0.21; 0.13
0.19; 0.13
0.21; 0.14
0.20; 0.13
0.19; 0.12
0.19; 0.13
0.19; 0.14
0.20; 0.13
0.19; 0.12
0.19; 0.13
0.21; 0.14
0.19; 0.13
0.19; 0.12
0.19; 0.13
0.18; 0.14
0.19; 0.13
0.20; 0.12
0.19; 0.13
0.19; 0.14
0.19; 0.13
0.19; 0.12
0.19; 0.13
0.19; 0.13
0.19; 0.13
0.21; 0.12
0.19; 0.13
0.20; 0.13
0.19; 0.13
0.19; 0.12
0.19; 0.13
0.20; 0.13
0.21; 0.13
0.19; 0.12
0.19; 0.13
0.19; 0.14
0.20; 0.13
0.19; 0.12
0.19; 0.13
0.19; 0.13
0.19; 0.13
0.21; 0.12
0.21; 0.12
0.19; 0.13
0.19; 0.12
0.19; 0.12
0.21; 0.13
0.19; 0.13
0.20; 0.13
0.19; 0.11
0.19; 0.12
0.20; 0.13
0.19; 0.12
0.19; 0.12
0.18; 0.13
0.19; 0.13
0.19; 0.13
0.21; 0.12
0.19; 0.12
0.21; 0.13
0.19; 0.13
0.19; 0.12
0.19; 0.13
0.19; 0.13
0.19; 0.13
0.20; 0.12
0.19; 0.12
0.19; 0.13
0.19; 0.13
0.19; 0.12
0.19; 0.13
0.19; 0.13
0.21; 0.13
0.19; 0.12
0.20; 0.12
0.19; 0.13
0.19; 0.13
0.19; 0.12
0.19; 0.13
0.19; 0.13
0.19; 0.14
0.19; 0.12
0.19; 0.12
0.17; 0.13
0.19; 0.13
0.19; 0.13
0.19; 0.13
0.19; 0.13
0.19; 0.14
0.18; 0.13
0.19; 0.12
0.18; 0.13
0.21; 0.13
0.19; 0.13
0.19; 0.13
0.19; 0.13
0.19; 0.14
0.19; 0.13
0.19; 0.12
0.19; 0.13
0.19; 0.14
0.19; 0.13
0.19; 0.13
0.19; 0.13
0.18; 0.14
0.19; 0.13
0.19; 0.12
0.19; 0.13
0.19; 0.13
0.19; 0.13
0.20; 0.13
0.18; 0.13
0.19; 0.14
0.19; 0.13
0.20; 0.12
0.18; 0.13
0.19; 0.14
0.19; 0.13
0.19; 0.13
0.19; 0.13
0.19; 0.14
0.19; 0.13
0.19; 0.12
0.20; 0.13
0.18; 0.13
0.17; 0.13
0.19; 0.13
0.20; 0.13
0.19; 0.14
0.19; 0.13
0.19; 0.12
0.19; 0.13
0.19; 0.14
0.17; 0.13
0.20; 0.13
0.19; 0.13
0.17; 0.15
0.19; 0.13
0.18; 0.13
0.21; 0.13
0.19; 0.14
0.17; 0.13
0.17; 0.13
0.19; 0.13
0.19; 0.14
0.20; 0.13
0.20; 0.13
0.19; 0.13
0.17; 0.13
0.19; 0.13
0.21; 0.12
0.19; 0.13
0.21; 0.14
0.20; 0.13
0.18; 0.13
0.20; 0.13
0.19; 0.14
0.21; 0.13
0.19; 0.13
0.18; 0.13
0.18; 0.14
0.19; 0.13
0.20; 0.12
0.19; 0.14
0.18; 0.14
0.19; 0.13
0.20; 0.12
0.19; 0.13
0.20; 0.14
0.19; 0.13
0.19; 0.12
0.19; 0.13
0.19; 0.13
0.19; 0.13
0.19; 0.12
0.20; 0.13
0.19; 0.13
0.19; 0.13
0.19; 0.12
0.21; 0.13
0.19; 0.13
0.19; 0.14
0.19; 0.12
0.19; 0.12
0.19; 0.13
0.18; 0.14
0.19; 0.13
0.19; 0.13
0.19; 0.13
0.18; 0.13
0.19; 0.12
0.19; 0.12
0.19; 0.13
0.19; 0.13
0.19; 0.12
0.21; 0.12
0.21; 0.12
0.19; 0.13
0.19; 0.12
0.20; 0.11
0.19; 0.12
0.20; 0.12
0.21; 0.12
0.19; 0.11
0.20; 0.12
0.20; 0.12
0.20; 0.12
0.21; 0.11
0.21; 0.12
0.21; 0.11
0.21; 0.12
0.19; 0.11
0.21; 0.11
0.21; 0.12
0.21; 0.11
0.21; 0.10
0.22; 0.11
0.21; 0.12
0.21; 0.11
0.21; 0.11
0.21; 0.11
0.21; 0.12
0.21; 0.11
0.21; 0.10
0.22; 0.11
0.21; 0.11
0.21; 0.11
0.20; 0.11
0.21; 0.11
0.21; 0.12
0.21; 0.11
0.21; 0.10
0.21; 0.11
0.21; 0.12
0.20; 0.11
0.21; 0.11
0.21; 0.11
0.22; 0.12
0.20; 0.11
0.20; 0.11
0.21; 0.11
0.20; 0.12
0.21; 0.11
0.20; 0.11
0.20; 0.11
0.21; 0.12
0.21; 0.11
0.21; 0.11
0.20; 0.11
0.21; 0.12
0.19; 0.12
0.21; 0.11
0.20; 0.11
0.20; 0.12
0.21; 0.12
0.21; 0.11
0.19; 0.11
0.20; 0.12
0.20; 0.12
0.21; 0.11
0.20; 0.11
0.21; 0.12
0.21; 0.11
0.21; 0.11
0.20; 0.12
0.20; 0.12
0.20; 0.12
0.20; 0.11
0.20; 0.11
0.20; 0.12
0.20; 0.12
0.20; 0.11
0.21; 0.12
0.19; 0.12
0.20; 0.12
0.22; 0.11
0.20; 0.12
0.21; 0.13
0.20; 0.12
0.20; 0.11
0.19; 0.12
0.19; 0.12
0.20; 0.12
0.21; 0.11
0.20; 0.11
0.19; 0.12
0.21; 0.12
0.19; 0.11
0.22; 0.11
0.19; 0.12
0.21; 0.12
0.20; 0.11
0.21; 0.11
0.20; 0.12
0.21; 0.12
0.20; 0.11
0.21; 0.12
0.20; 0.12
0.21; 0.12
0.21; 0.11
0.20; 0.11
0.19; 0.12
0.20; 0.12
0.20; 0.11
0.21; 0.11
0.21; 0.12
0.21; 0.12
0.21; 0.11
0.21; 0.11
0.21; 0.11
0.22; 0.12
0.20; 0.12
0.20; 0.11
0.20; 0.12
0.21; 0.12
0.20; 0.11
0.21; 0.11
0.21; 0.12
0.20; 0.12
0.19; 0.12
0.21; 0.11
0.21; 0.11
0.21; 0.12
0.21; 0.12
0.20; 0.11
0.21; 0.12
0.21; 0.12
0.19; 0.12
0.20; 0.11
0.19; 0.12
0.21; 0.12
0.20; 0.11
0.21; 0.11
0.20; 0.12
0.20; 0.12
0.21; 0.12
0.20; 0.11
0.20; 0.11
0.21; 0.13
0.21; 0.12
0.21; 0.11
0.20; 0.11
0.21; 0.12
0.19; 0.12
0.20; 0.11
0.21; 0.11
0.21; 0.12
0.21; 0.12
0.21; 0.11
0.21; 0.12
0.20; 0.12
0.21; 0.12
0.20; 0.11
0.22; 0.11
0.21; 0.12
0.21; 0.11
0.20; 0.11
0.21; 0.12
0.21; 0.12
0.19; 0.12
0.21; 0.11
0.21; 0.12
0.20; 0.12
0.21; 0.12
0.21; 0.11
0.21; 0.12
0.21; 0.12
0.20; 0.12
0.21; 0.11
0.20; 0.11
0.21; 0.13
0.21; 0.12
0.20; 0.11
0.21; 0.12
0.20; 0.12
0.21; 0.12
0.21; 0.11
0.20; 0.12
0.21; 0.12
0.21; 0.11
0.19; 0.11
0.20; 0.12
0.20; 0.12
0.19; 0.12
0.20; 0.11
0.21; 0.12
0.21; 0.12
0.21; 0.12
0.21; 0.11
0.20; 0.12
0.20; 0.12
0.20; 0.12
0.20; 0.11
0.21; 0.11
0.21; 0.12
0.21; 0.12
0.20; 0.11
0.20; 0.12
0.19; 0.12
0.21; 0.12
0.22; 0.11
0.20; 0.11
0.21; 0.12
0.21; 0.12
0.21; 0.11
0.21; 0.12
0.21; 0.12
0.19; 0.12
0.20; 0.11
0.21; 0.11
0.20; 0.12
0.20; 0.12
0.21; 0.11
0.20; 0.12
0.20; 0.12
0.21; 0.12
0.22; 0.11
0.20; 0.11
0.21; 0.12
0.19; 0.12
0.21; 0.11
0.20; 0.11
0.20; 0.12
0.20; 0.12
0.20; 0.11
0.21; 0.11
0.21; 0.12
0.20; 0.12
0.20; 0.11
0.20; 0.11
0.21; 0.12
0.21; 0.12
0.20; 0.11
0.20; 0.11
0.21; 0.12
0.21; 0.12
0.21; 0.12
0.20; 0.11
0.21; 0.12
0.19; 0.12
0.21; 0.12
0.20; 0.11
0.21; 0.12
0.21; 0.12
0.21; 0.12
0.21; 0.11
0.20; 0.12
0.21; 0.13
0.20; 0.11
0.19; 0.11
0.20; 0.12
0.21; 0.12
0.20; 0.12
0.21; 0.11
0.20; 0.12
0.21; 0.12
0.21; 0.12
0.21; 0.11
0.20; 0.12
0.20; 0.12
0.20; 0.12
0.20; 0.11
0.21; 0.11
0.21; 0.13
0.21; 0.11
0.21; 0.11
0.21; 0.12
0.20; 0.12
0.21; 0.12
0.20; 0.11
0.20; 0.12
0.20; 0.13
0.22; 0.12
0.20; 0.11
0.21; 0.12
0.21; 0.13
0.20; 0.12
0.20; 0.11
0.21; 0.11
0.21; 0.13
0.21; 0.12
0.20; 0.11
0.21; 0.12
0.20; 0.12
0.21; 0.12
0.20; 0.11
0.21; 0.11
0.21; 0.12
0.21; 0.11
0.21; 0.11
0.21; 0.11
0.21; 0.11
0.21; 0.12
0.21; 0.10
0.20; 0.11
0.21; 0.12
0.21; 0.11
0.22; 0.10
0.21; 0.11
0.22; 0.11
0.22; 0.11
0.21; 0.09
0.22; 0.10
0.21; 0.10
0.22; 0.10
0.21; 0.09
0.21; 0.10
0.21; 0.10
0.22; 0.11
0.22; 0.09
0.22; 0.10
0.21; 0.11
0.22; 0.10
0.21; 0.10
0.21; 0.10
0.21; 0.10
0.21; 0.10
0.22; 0.09
0.22; 0.09
0.21; 0.11
0.21; 0.10
0.22; 0.09
0.21; 0.10
0.21; 0.10
0.21; 0.10
0.21; 0.09
0.21; 0.09
0.21; 0.10
0.22; 0.10
0.21; 0.09
0.23; 0.10
0.21; 0.10
0.22; 0.10
0.21; 0.09
0.22; 0.09
0.21; 0.10
0.23; 0.10
0.22; 0.10
0.21; 0.10
0.21; 0.10
0.21; 0.11
0.22; 0.10
0.22; 0.09
0.21; 0.10
0.22; 0.11
0.21; 0.10
0.22; 0.10
0.21; 0.10
0.21; 0.10
0.21; 0.10
0.21; 0.09
0.22; 0.10
0.21; 0.10
0.21; 0.10
0.21; 0.10
0.21; 0.10
0.21; 0.11
0.21; 0.10
0.21; 0.09
0.22; 0.10
0.22; 0.10
0.21; 0.10
0.21; 0.10
0.21; 0.10
0.21; 0.10
0.21; 0.10
0.22; 0.09
0.21; 0.10
0.21; 0.11
0.21; 0.11
0.21; 0.10
0.21; 0.10
0.21; 0.11
0.22; 0.10
0.21; 0.09
0.21; 0.10
0.21; 0.10
0.22; 0.10
0.21; 0.10
0.22; 0.10
0.21; 0.11
0.22; 0.10
0.21; 0.09
0.22; 0.10
0.21; 0.10
0.22; 0.11
0.22; 0.10
0.22; 0.10
0.21; 0.11
0.21; 0.10
0.22; 0.09
0.22; 0.10
0.21; 0.11
0.22; 0.10
0.21; 0.10
0.22; 0.10
0.21; 0.11
0.22; 0.10
0.21; 0.09
0.21; 0.10
0.21; 0.11
0.21; 0.10
0.21; 0.10
0.21; 0.10
0.21; 0.11
0.21; 0.10
0.21; 0.09
0.22; 0.10
0.21; 0.11
0.21; 0.10
0.22; 0.09
0.21; 0.10
0.21; 0.11
0.22; 0.10
0.22; 0.09
0.21; 0.10
0.21; 0.10
0.21; 0.10
0.22; 0.09
0.21; 0.10
0.21; 0.11
0.21; 0.10
0.21; 0.09
0.21; 0.10
0.22; 0.10
0.21; 0.10
0.21; 0.09
0.21; 0.10
0.22; 0.11
0.22; 0.10
0.21; 0.09
0.22; 0.10
0.21; 0.10
0.22; 0.11
0.21; 0.09
0.21; 0.10
0.21; 0.10
0.21; 0.10
0.22; 0.09
0.21; 0.10
0.21; 0.10
0.21; 0.11
0.21; 0.09
0.21; 0.10
0.22; 0.10
0.22; 0.11
0.21; 0.10
0.22; 0.10
0.21; 0.10
0.21; 0.11
0.22; 0.10
0.21; 0.09
0.21; 0.10
0.21; 0.10
0.21; 0.10
0.21; 0.10
0.21; 0.10
0.21; 0.11
0.22; 0.10
0.21; 0.09
0.22; 0.10
0.21; 0.10
0.22; 0.10
0.21; 0.10
0.22; 0.10
0.21; 0.11
0.21; 0.10
0.22; 0.09
0.21; 0.10
0.22; 0.10
0.21; 0.10
0.21; 0.10
0.21; 0.10
0.21; 0.11
0.21; 0.10
0.21; 0.09
0.21; 0.10
0.22; 0.11
0.21; 0.10
0.22; 0.10
0.21; 0.10
0.21; 0.11
0.21; 0.10
0.21; 0.09
0.21; 0.10
0.21; 0.11
0.21; 0.10
0.21; 0.10
0.22; 0.10
0.22; 0.11
0.21; 0.10
0.21; 0.09
0.21; 0.11
0.21; 0.11
0.22; 0.10
0.22; 0.10
0.21; 0.10
0.21; 0.11
0.22; 0.10
0.21; 0.09
0.21; 0.10
0.21; 0.11
0.22; 0.11
0.22; 0.09
0.22; 0.10
0.22; 0.11
0.21; 0.10
0.21; 0.09
0.22; 0.10
0.21; 0.11
0.21; 0.10
0.21; 0.09
0.21; 0.10
0.21; 0.11
0.22; 0.10
0.21; 0.09
0.21; 0.11
0.21; 0.11
0.21; 0.10
0.21; 0.09
0.21; 0.10
0.21; 0.11
0.21; 0.10
0.21; 0.09
0.21; 0.10
0.21; 0.11
0.22; 0.11
0.21; 0.09
0.22; 0.10
0.21; 0.11
0.22; 0.10
0.21; 0.09
0.21; 0.10
0.22; 0.10
0.21; 0.10
0.22; 0.09
0.21; 0.10
0.22; 0.11
0.21; 0.10
0.21; 0.09
0.22; 0.11
0.21; 0.11
0.21; 0.10
0.21; 0.10
0.22; 0.10
0.21; 0.11
0.22; 0.10
0.21; 0.09
0.21; 0.11
0.21; 0.10
0.22; 0.10
0.22; 0.09
0.22; 0.10
0.21; 0.11
0.21; 0.10
0.22; 0.09
0.22; 0.10
0.21; 0.10
0.21; 0.10
0.21; 0.09
0.21; 0.10
0.22; 0.10
0.23; 0.10
0.21; 0.09
0.22; 0.10
0.21; 0.10
0.22; 0.10
0.21; 0.09
0.21; 0.09
0.21; 0.10
0.21; 0.10
0.21; 0.09
0.21; 0.10
0.21; 0.10
0.21; 0.11
0.23; 0.09
0.21; 0.09
0.23; 0.09
0.21; 0.10
0.22; 0.10
0.21; 0.09
0.21; 0.10
0.23; 0.10
0.24; 0.09
0.23; 0.08
0.22; 0.09
0.22; 0.09
0.22; 0.09
0.22; 0.08
0.23; 0.09
0.23; 0.09
0.23; 0.09
0.22; 0.08
0.22; 0.09
0.22; 0.09
0.22; 0.09
0.22; 0.08
0.22; 0.09
0.22; 0.10
0.22; 0.09
0.22; 0.08
0.25; 0.08
0.23; 0.09
0.24; 0.08
0.22; 0.08
0.24; 0.08
0.24; 0.09
0.22; 0.08
0.24; 0.07
0.24; 0.09
0.22; 0.08
0.25; 0.08
0.24; 0.07
0.23; 0.08
0.22; 0.09
0.23; 0.08
0.23; 0.07
0.22; 0.08
0.23; 0.09
0.22; 0.08
0.25; 0.08
0.22; 0.08
0.22; 0.09
0.23; 0.08
0.23; 0.07
0.22; 0.08
0.23; 0.09
0.24; 0.08
0.23; 0.07
0.22; 0.08
0.24; 0.09
0.22; 0.08
0.22; 0.07
0.24; 0.08
0.24; 0.09
0.24; 0.08
0.22; 0.07
0.22; 0.08
0.23; 0.09
0.23; 0.08
0.23; 0.08
0.22; 0.08
0.25; 0.09
0.23; 0.08
0.23; 0.07
0.22; 0.08
0.24; 0.09
0.25; 0.08
0.23; 0.08
0.24; 0.08
0.22; 0.09
0.22; 0.09
0.22; 0.07
0.22; 0.08
0.23; 0.09
0.23; 0.08
0.22; 0.07
0.23; 0.08
0.22; 0.09
0.23; 0.09
0.23; 0.08
0.22; 0.08
0.24; 0.09
0.23; 0.08
0.24; 0.07
0.22; 0.08
0.23; 0.09
0.24; 0.08
0.22; 0.07
0.22; 0.08
0.24; 0.09
0.23; 0.09
0.23; 0.08
0.24; 0.09
0.24; 0.09
0.25; 0.08
0.24; 0.07
0.23; 0.08
0.24; 0.08
0.22; 0.08
0.22; 0.08
0.22; 0.08
0.24; 0.08
0.23; 0.09
0.23; 0.08
0.24; 0.08
0.23; 0.08
0.23; 0.08
0.23; 0.08
0.24; 0.08
0.23; 0.08
0.25; 0.09
0.22; 0.08
0.24; 0.07
0.22; 0.08
0.22; 0.09
0.22; 0.08
0.24; 0.08
0.23; 0.09
0.23; 0.09
0.24; 0.09
0.23; 0.08
0.24; 0.09
0.24; 0.10
0.23; 0.09
0.24; 0.08
0.24; 0.09
0.23; 0.10
0.23; 0.08
0.21; 0.07
0.23; 0.09
0.23; 0.10
0.23; 0.09
0.22; 0.08
0.24; 0.09
0.24; 0.09
0.22; 0.08
0.22; 0.07
0.23; 0.09
0.23; 0.09
0.22; 0.09
0.22; 0.08
0.22; 0.08
0.22; 0.09
0.22; 0.08
0.22; 0.07
0.22; 0.08
0.22; 0.09
0.22; 0.09
0.22; 0.08
0.23; 0.08
0.22; 0.09
0.23; 0.08
0.22; 0.07
0.26; 0.09
0.22; 0.09
0.22; 0.08
0.23; 0.08
0.23; 0.08
0.23; 0.09
0.25; 0.08
0.22; 0.07
0.24; 0.08
0.22; 0.09
0.22; 0.08
0.23; 0.08
0.23; 0.08
0.22; 0.09
0.24; 0.08
0.23; 0.07
0.24; 0.08
0.23; 0.09
0.22; 0.08
0.24; 0.08
0.22; 0.08
0.23; 0.09
0.22; 0.08
0.23; 0.08
0.22; 0.08
0.24; 0.09
0.22; 0.08
0.23; 0.08
0.25; 0.08
0.22; 0.09
0.22; 0.08
0.22; 0.08
0.25; 0.09
0.24; 0.09
0.23; 0.08
0.22; 0.07
0.23; 0.08
0.22; 0.09
0.22; 0.08
0.23; 0.07
0.24; 0.09
0.23; 0.09
0.23; 0.08
0.22; 0.07
0.24; 0.08
0.22; 0.09
0.24; 0.08
0.23; 0.07
0.24; 0.08
0.23; 0.09
0.22; 0.09
0.23; 0.08
0.22; 0.08
0.23; 0.08
0.23; 0.08
0.24; 0.08
0.22; 0.09
0.22; 0.08
0.23; 0.08
0.23; 0.08
0.22; 0.08
0.22; 0.09
0.23; 0.08
0.22; 0.07
0.23; 0.08
0.22; 0.08
0.24; 0.09
0.22; 0.07
0.24; 0.08
0.24; 0.08
0.22; 0.08
0.24; 0.08
0.24; 0.08
0.23; 0.08
0.22; 0.09
0.22; 0.08
0.23; 0.07
0.24; 0.08
0.22; 0.08
0.23; 0.08
0.24; 0.08
0.23; 0.08
0.24; 0.09
0.25; 0.08
0.23; 0.07
0.25; 0.08
0.24; 0.08
0.22; 0.08
0.23; 0.08
0.24; 0.08
0.22; 0.09
0.25; 0.08
0.22; 0.07
0.24; 0.08
0.23; 0.08
0.23; 0.08
0.23; 0.08
0.22; 0.08
0.23; 0.09
0.23; 0.08
0.23; 0.07
0.23; 0.08
0.23; 0.09
0.23; 0.08
0.24; 0.08
0.24; 0.08
0.22; 0.10
0.24; 0.08
0.23; 0.07
0.22; 0.09
0.23; 0.09
0.23; 0.08
0.23; 0.08
0.24; 0.08
0.22; 0.09
0.22; 0.08
0.24; 0.07
0.23; 0.08
0.23; 0.09
0.23; 0.08
0.22; 0.08
0.23; 0.08
0.22; 0.09
0.23; 0.08
0.23; 0.07
0.24; 0.08
0.23; 0.09
0.22; 0.08
0.24; 0.08
0.22; 0.08
0.23; 0.09
0.24; 0.08
0.23; 0.07
0.23; 0.09
0.22; 0.09
0.24; 0.08
0.22; 0.08
0.23; 0.08
0.22; 0.09
0.25; 0.08
0.23; 0.07
0.24; 0.08
0.22; 0.09
0.23; 0.08
0.23; 0.08
0.23; 0.08
0.23; 0.09
0.25; 0.08
0.24; 0.08
0.24; 0.08
0.23; 0.09
0.22; 0.08
0.23; 0.08
0.23; 0.08
0.22; 0.09
0.23; 0.08
0.23; 0.08
0.25; 0.08
0.23; 0.09
0.22; 0.08
0.22; 0.08
0.23; 0.08
0.23; 0.09
0.23; 0.09
0.23; 0.08
0.24; 0.09
0.22; 0.10
0.23; 0.09
0.24; 0.08
0.23; 0.08
0.22; 0.10
0.25; 0.09
0.23; 0.08
0.24; 0.09
0.22; 0.09
0.23; 0.09
0.24; 0.08
0.23; 0.08
0.24; 0.09
0.24; 0.09
0.22; 0.08
0.24; 0.09
0.23; 0.10
0.24; 0.09
0.23; 0.08
0.22; 0.08
0.22; 0.09
0.24; 0.09
0.23; 0.08
0.23; 0.08
0.24; 0.09
0.23; 0.09
0.22; 0.07
0.22; 0.08
0.25; 0.09
0.22; 0.09
0.23; 0.08
0.22; 0.08
0.22; 0.08
0.22; 0.09
0.23; 0.08
0.22; 0.07
0.24; 0.08
0.23; 0.08
0.22; 0.08
0.24; 0.08
0.24; 0.08
0.23; 0.09
0.24; 0.08
0.24; 0.07
0.25; 0.08
0.23; 0.09
0.22; 0.09
0.26; 0.08
0.22; 0.08
0.23; 0.09
0.23; 0.08
0.22; 0.07
0.22; 0.08
0.22; 0.09
0.23; 0.08
0.22; 0.08
0.23; 0.08
0.24; 0.09
0.22; 0.08
0.22; 0.07
0.23; 0.08
0.23; 0.09
0.24; 0.08
0.23; 0.08
0.22; 0.08
0.25; 0.09
0.22; 0.08
0.23; 0.07
0.22; 0.09
0.22; 0.09
0.23; 0.08
0.24; 0.08
0.23; 0.08
0.23; 0.09
0.23; 0.08
0.23; 0.07
0.25; 0.08
0.24; 0.09
0.22; 0.09
0.24; 0.07
0.22; 0.08
0.22; 0.09
0.22; 0.08
0.23; 0.07
0.22; 0.09
0.22; 0.09
0.22; 0.08
0.24; 0.07
0.23; 0.08
0.24; 0.09
0.24; 0.08
0.23; 0.07
0.23; 0.08
0.23; 0.09
0.23; 0.08
0.23; 0.08
0.22; 0.08
0.22; 0.09
0.22; 0.08
0.23; 0.07
0.25; 0.08
0.23; 0.09
0.22; 0.08
0.23; 0.07
0.25; 0.08
0.25; 0.09
0.25; 0.08
0.22; 0.07
0.22; 0.08
0.22; 0.09
0.22; 0.08
0.23; 0.07
0.23; 0.08
0.24; 0.09
0.25; 0.08
0.22; 0.07
0.23; 0.08
0.23; 0.08
0.22; 0.08
0.25; 0.07
0.22; 0.08
0.24; 0.08
0.24; 0.08
0.23; 0.07
0.24; 0.08
0.25; 0.08
0.25; 0.08
0.22; 0.07
0.25; 0.07
0.24; 0.08
0.25; 0.08
0.25; 0.07
0.26; 0.07
0.25; 0.08
0.24; 0.07
0.24; 0.07
0.24; 0.07
0.24; 0.08
0.24; 0.08
0.24; 0.07
0.26; 0.08
0.22; 0.08
0.24; 0.08
0.24; 0.07
0.23; 0.07
0.24; 0.07
0.24; 0.08
0.26; 0.07
0.24; 0.07
0.25; 0.07
0.25; 0.08
0.24; 0.07
0.25; 0.06
0.24; 0.08
0.25; 0.07
0.25; 0.06
0.24; 0.07
0.22; 0.07
0.24; 0.08
0.25; 0.06
0.26; 0.06
0.24; 0.07
0.25; 0.07
0.26; 0.07
0.25; 0.06
0.24; 0.07
0.26; 0.07
0.24; 0.07
0.24; 0.06
0.25; 0.07
0.25; 0.07
0.24; 0.07
0.24; 0.06
0.25; 0.07
0.24; 0.08
0.24; 0.07
0.24; 0.06
0.25; 0.07
0.25; 0.07
0.26; 0.07
0.24; 0.07
0.24; 0.07
0.26; 0.08
0.25; 0.07
0.26; 0.06
0.25; 0.07
0.25; 0.07
0.22; 0.07
0.26; 0.06
0.25; 0.07
0.24; 0.08
0.24; 0.07
0.24; 0.06
0.26; 0.07
0.22; 0.07
0.24; 0.07
0.25; 0.07
0.25; 0.07
0.26; 0.08
0.25; 0.07
0.24; 0.06
0.24; 0.07
0.25; 0.07
0.25; 0.07
0.24; 0.06
0.25; 0.07
0.26; 0.08
0.24; 0.07
0.24; 0.06
0.26; 0.07
0.26; 0.08
0.25; 0.07
0.25; 0.06
0.26; 0.07
0.24; 0.08
0.26; 0.07
0.24; 0.06
0.24; 0.07
0.24; 0.08
0.24; 0.07
0.26; 0.06
0.24; 0.07
0.23; 0.08
0.26; 0.07
0.25; 0.06
0.24; 0.07
0.26; 0.08
0.22; 0.08
0.25; 0.06
0.24; 0.07
0.24; 0.08
0.24; 0.07
0.25; 0.06
0.25; 0.07
0.26; 0.08
0.24; 0.08
0.24; 0.06
0.25; 0.07
0.26; 0.08
0.24; 0.07
0.25; 0.06
0.25; 0.08
0.24; 0.07
0.24; 0.08
0.26; 0.06
0.25; 0.07
0.25; 0.08
0.25; 0.07
0.25; 0.07
0.26; 0.07
0.25; 0.08
0.24; 0.07
0.25; 0.06
0.24; 0.07
0.24; 0.08
0.26; 0.07
0.24; 0.06
0.26; 0.07
0.24; 0.07
0.24; 0.07
0.24; 0.07
0.25; 0.07
0.25; 0.07
0.25; 0.08
0.26; 0.07
0.24; 0.07
0.25; 0.07
0.25; 0.07
0.26; 0.06
0.25; 0.06
0.25; 0.07
0.26; 0.08
0.23; 0.07
0.24; 0.07
0.24; 0.07
0.24; 0.08
0.26; 0.07
0.24; 0.06
0.24; 0.07
0.24; 0.08
0.25; 0.07
0.26; 0.07
0.25; 0.07
0.25; 0.08
0.24; 0.07
0.25; 0.06
0.25; 0.07
0.26; 0.08
0.24; 0.07
0.25; 0.07
0.25; 0.07
0.24; 0.08
0.26; 0.07
0.24; 0.06
0.24; 0.07
0.24; 0.08
0.22; 0.07
0.24; 0.07
0.24; 0.07
0.26; 0.08
0.25; 0.07
0.24; 0.06
0.24; 0.07
0.25; 0.07
0.26; 0.07
0.25; 0.07
0.25; 0.07
0.25; 0.08
0.24; 0.07
0.25; 0.06
0.25; 0.07
0.24; 0.08
0.25; 0.08
0.24; 0.07
0.25; 0.07
0.24; 0.08
0.25; 0.07
0.24; 0.06
0.24; 0.07
0.25; 0.08
0.26; 0.08
0.25; 0.07
0.25; 0.08
0.25; 0.08
0.24; 0.07
0.24; 0.06
0.25; 0.07
0.25; 0.08
0.24; 0.07
0.25; 0.07
0.24; 0.07
0.25; 0.08
0.26; 0.07
0.25; 0.06
0.24; 0.07
0.25; 0.08
0.24; 0.07
0.23; 0.07
0.25; 0.07
0.24; 0.08
0.26; 0.07
0.25; 0.06
0.26; 0.07
0.25; 0.08
0.25; 0.07
0.25; 0.06
0.24; 0.07
0.23; 0.08
0.24; 0.07
0.26; 0.07
0.25; 0.07
0.25; 0.08
0.24; 0.07
0.24; 0.07
0.25; 0.07
0.24; 0.08
0.26; 0.07
0.25; 0.06
0.26; 0.07
0.26; 0.07
0.22; 0.07
0.26; 0.06
0.25; 0.07
0.25; 0.07
0.24; 0.07
0.25; 0.06
0.25; 0.07
0.25; 0.07
0.25; 0.07
0.28; 0.06
0.24; 0.07
0.25; 0.08
0.24; 0.07
0.26; 0.06
0.25; 0.07
0.25; 0.07
0.24; 0.07
0.25; 0.06
0.24; 0.07
0.24; 0.07
0.24; 0.07
0.25; 0.06
0.25; 0.07
0.25; 0.07
0.25; 0.08
0.26; 0.06
0.25; 0.06
0.24; 0.07
0.25; 0.07
0.24; 0.07
0.25; 0.07
0.25; 0.07
0.25; 0.08
0.25; 0.07
0.26; 0.06
0.27; 0.07
0.26; 0.07
0.25; 0.07
0.24; 0.06
0.24; 0.07
0.26; 0.08
0.26; 0.07
0.25; 0.06
0.25; 0.07
0.25; 0.07
0.25; 0.07
0.26; 0.06
0.25; 0.07
0.25; 0.07
0.26; 0.07
0.25; 0.06
0.24; 0.07
0.25; 0.07
0.25; 0.07
0.24; 0.06
0.26; 0.07
0.24; 0.08
0.25; 0.07
0.24; 0.06
0.25; 0.07
0.25; 0.07
0.25; 0.07
0.26; 0.06
0.24; 0.07
0.24; 0.08
0.25; 0.07
0.24; 0.06
0.25; 0.07
0.25; 0.07
0.25; 0.07
0.24; 0.06
0.24; 0.07
0.24; 0.08
0.24; 0.07
0.25; 0.06
0.26; 0.07
0.25; 0.07
0.25; 0.07
0.26; 0.06
0.26; 0.06
0.26; 0.07
0.26; 0.06
0.26; 0.05
0.26; 0.06
0.26; 0.06
0.25; 0.07
0.26; 0.06
0.27; 0.06
0.27; 0.07
0.28; 0.06
0.26; 0.05
0.26; 0.06
0.24; 0.06
0.26; 0.06
0.26; 0.05
0.25; 0.06
0.27; 0.07
0.26; 0.06
0.26; 0.05
0.26; 0.06
0.26; 0.06
0.26; 0.06
0.28; 0.05
0.26; 0.06
0.26; 0.06
0.28; 0.06
0.26; 0.05
0.26; 0.06
0.28; 0.06
0.26; 0.06
0.28; 0.05
0.28; 0.05
0.26; 0.06
0.27; 0.06
0.26; 0.05
0.26; 0.05
0.26; 0.06
0.27; 0.06
0.29; 0.05
0.28; 0.05
0.27; 0.06
0.27; 0.05
0.27; 0.05
0.27; 0.05
0.28; 0.06
0.28; 0.05
0.28; 0.05
0.28; 0.05
0.27; 0.05
0.29; 0.05
0.26; 0.04
0.27; 0.05
0.29; 0.06
0.26; 0.05
0.27; 0.04
0.26; 0.05
0.27; 0.05
0.28; 0.06
0.28; 0.05
0.27; 0.05
0.26; 0.05
0.26; 0.06
0.26; 0.05
0.28; 0.05
0.27; 0.05
0.28; 0.06
0.26; 0.05
0.28; 0.05
0.28; 0.05
0.28; 0.06
0.28; 0.05
0.26; 0.05
0.26; 0.05
0.26; 0.06
0.28; 0.05
0.29; 0.05
0.26; 0.05
0.27; 0.06
0.27; 0.05
0.28; 0.04
0.26; 0.06
0.26; 0.06
0.26; 0.06
0.28; 0.05
0.26; 0.05
0.26; 0.06
0.27; 0.05
0.27; 0.05
0.26; 0.06
0.27; 0.06
0.26; 0.05
0.26; 0.05
0.28; 0.06
0.27; 0.06
0.28; 0.06
0.26; 0.05
0.27; 0.06
0.26; 0.06
0.27; 0.06
0.28; 0.05
0.27; 0.05
0.26; 0.07
0.26; 0.05
0.26; 0.05
0.28; 0.05
0.26; 0.06
0.27; 0.06
0.26; 0.05
0.28; 0.06
0.28; 0.07
0.27; 0.05
0.26; 0.05
0.28; 0.05
0.26; 0.06
0.26; 0.06
0.26; 0.05
0.28; 0.06
0.28; 0.06
0.26; 0.05
0.28; 0.05
0.26; 0.05
0.26; 0.06
0.26; 0.06
0.26; 0.05
0.26; 0.05
0.26; 0.06
0.26; 0.05
0.26; 0.05
0.28; 0.06
0.26; 0.06
0.28; 0.06
0.26; 0.05
0.28; 0.06
0.26; 0.07
0.29; 0.06
0.26; 0.05
0.28; 0.05
0.26; 0.06
0.27; 0.06
0.28; 0.05
0.26; 0.05
0.28; 0.06
0.26; 0.06
0.26; 0.05
0.27; 0.06
0.28; 0.06
0.26; 0.06
0.27; 0.05
0.28; 0.05
0.28; 0.06
0.29; 0.05
0.28; 0.05
0.27; 0.06
0.28; 0.06
0.27; 0.06
0.26; 0.05
0.26; 0.06
0.28; 0.06
0.28; 0.06
0.27; 0.05
0.26; 0.06
0.28; 0.06
0.26; 0.06
0.27; 0.05
0.26; 0.05
0.28; 0.06
0.27; 0.06
0.29; 0.05
0.27; 0.06
0.27; 0.06
0.28; 0.06
0.26; 0.05
0.26; 0.05
0.26; 0.05
0.26; 0.06
0.26; 0.05
0.27; 0.06
0.28; 0.06
0.28; 0.06
0.26; 0.05
0.27; 0.05
0.26; 0.06
0.26; 0.06
0.26; 0.05
0.26; 0.05
0.26; 0.05
0.29; 0.07
0.28; 0.05
0.26; 0.05
0.28; 0.05
0.27; 0.06
0.26; 0.05
0.28; 0.05
0.28; 0.06
0.26; 0.06
0.26; 0.05
0.26; 0.05
0.27; 0.06
0.26; 0.06
0.26; 0.06
0.26; 0.05
0.26; 0.06
0.28; 0.06
0.27; 0.06
0.26; 0.05
0.27; 0.06
0.27; 0.06
0.28; 0.06
0.28; 0.05
0.26; 0.06
0.26; 0.07
0.28; 0.05
0.26; 0.05
0.26; 0.06
0.28; 0.06
0.25; 0.06
0.26; 0.05
0.27; 0.05
0.26; 0.06
0.28; 0.05
0.27; 0.05
0.26; 0.06
0.27; 0.06
0.26; 0.06
0.27; 0.05
0.26; 0.05
0.26; 0.06
0.28; 0.06
0.26; 0.05
0.26; 0.06
0.27; 0.06
0.26; 0.06
0.30; 0.05
0.26; 0.06
0.26; 0.06
0.28; 0.06
0.28; 0.05
0.26; 0.05
0.28; 0.06
0.26; 0.06
0.26; 0.05
0.26; 0.05
0.26; 0.07
0.27; 0.05
0.26; 0.05
0.26; 0.06
0.26; 0.06
0.27; 0.06
0.27; 0.05
0.26; 0.06
0.28; 0.07
0.26; 0.06
0.28; 0.05
0.28; 0.06
0.26; 0.06
0.26; 0.06
0.28; 0.05
0.27; 0.05
0.26; 0.06
0.27; 0.06
0.26; 0.05
0.26; 0.06
0.26; 0.06
0.28; 0.06
0.28; 0.05
0.26; 0.05
0.27; 0.06
0.29; 0.06
0.27; 0.05
0.27; 0.06
0.26; 0.06
0.26; 0.06
0.26; 0.05
0.26; 0.05
0.27; 0.06
0.26; 0.05
0.27; 0.05
0.27; 0.06
0.27; 0.06
0.28; 0.06
0.29; 0.05
0.26; 0.05
0.27; 0.06
0.27; 0.06
0.27; 0.05
0.27; 0.05
0.27; 0.06
0.26; 0.06
0.28; 0.05
0.26; 0.05
0.26; 0.06
0.27; 0.06
0.26; 0.05
0.28; 0.05
0.26; 0.06
0.26; 0.06
0.27; 0.05
0.27; 0.05
0.28; 0.06
0.27; 0.06
0.28; 0.05
0.26; 0.05
0.26; 0.06
0.26; 0.06
0.27; 0.05
0.26; 0.05
0.27; 0.06
0.26; 0.06
0.26; 0.05
0.28; 0.05
0.27; 0.06
0.26; 0.06
0.26; 0.05
0.26; 0.05
0.27; 0.06
0.26; 0.06
0.26; 0.06
0.26; 0.05
0.27; 0.05
0.26; 0.06
0.27; 0.05
0.26; 0.05
0.26; 0.06
0.28; 0.06
0.28; 0.06
0.26; 0.05
0.28; 0.06
0.26; 0.06
0.28; 0.05
0.26; 0.05
0.26; 0.06
0.28; 0.06
0.26; 0.06
0.26; 0.05
0.28; 0.05
0.27; 0.06
0.28; 0.05
0.28; 0.05
0.26; 0.05
0.26; 0.06
0.27; 0.06
0.26; 0.05
0.28; 0.06
0.27; 0.06
0.27; 0.06
0.28; 0.05
0.26; 0.06
0.26; 0.06
0.26; 0.06
0.26; 0.05
0.26; 0.05
0.27; 0.06
0.27; 0.06
0.26; 0.05
0.26; 0.06
0.26; 0.07
0.26; 0.06
0.26; 0.05
0.26; 0.05
0.28; 0.06
0.27; 0.06
0.28; 0.05
0.27; 0.06
0.27; 0.06
0.26; 0.06
0.27; 0.05
0.26; 0.05
0.27; 0.06
0.27; 0.05
0.27; 0.05
0.26; 0.05
0.26; 0.06
0.26; 0.06
0.27; 0.05
0.27; 0.05
0.28; 0.06
0.28; 0.05
0.27; 0.04
0.28; 0.06
0.28; 0.06
0.28; 0.05
0.26; 0.05
0.27; 0.05
0.29; 0.06
0.27; 0.05
0.27; 0.05
0.28; 0.05
0.28; 0.06
0.27; 0.06
0.28; 0.04
0.26; 0.05
0.28; 0.05
0.29; 0.04
0.29; 0.04
0.29; 0.05
0.29; 0.05
0.30; 0.05
0.29; 0.04
0.29; 0.04
0.29; 0.05
0.28; 0.04
0.30; 0.03
0.30; 0.04
0.30; 0.04
0.28; 0.04
0.31; 0.03
0.30; 0.04
0.30; 0.04
0.31; 0.04
0.30; 0.03
0.30; 0.04
0.29; 0.04
0.31; 0.04
0.30; 0.03
0.28; 0.03
0.29; 0.04
0.30; 0.04
0.29; 0.03
0.29; 0.04
0.29; 0.04
0.29; 0.05
0.30; 0.03
0.29; 0.03
0.30; 0.04
0.28; 0.04
0.28; 0.04
0.31; 0.04
0.29; 0.04
0.29; 0.04
0.28; 0.04
0.29; 0.03
0.30; 0.04
0.29; 0.05
0.28; 0.04
0.30; 0.04
0.29; 0.05
0.29; 0.05
0.28; 0.04
0.29; 0.03
0.29; 0.05
0.28; 0.05
0.28; 0.04
0.29; 0.04
0.30; 0.04
0.29; 0.05
0.30; 0.04
0.28; 0.03
0.28; 0.04
0.29; 0.05
0.28; 0.04
0.29; 0.04
0.30; 0.04
0.30; 0.05
0.29; 0.04
0.28; 0.03
0.30; 0.05
0.30; 0.05
0.28; 0.05
0.29; 0.04
0.29; 0.05
0.29; 0.05
0.28; 0.04
0.29; 0.04
0.28; 0.04
0.29; 0.05
0.30; 0.05
0.30; 0.04
0.28; 0.05
0.30; 0.05
0.29; 0.05
0.28; 0.04
0.29; 0.05
0.29; 0.05
0.30; 0.05
0.28; 0.04
0.30; 0.04
0.29; 0.06
0.28; 0.05
0.29; 0.04
0.29; 0.04
0.29; 0.05
0.28; 0.05
0.29; 0.04
0.28; 0.04
0.28; 0.05
0.31; 0.04
0.29; 0.04
0.30; 0.05
0.28; 0.05
0.28; 0.05
0.29; 0.04
0.30; 0.04
0.29; 0.05
0.28; 0.04
0.29; 0.04
0.29; 0.05
0.30; 0.05
0.28; 0.05
0.28; 0.04
0.29; 0.04
0.30; 0.05
0.29; 0.04
0.30; 0.04
0.28; 0.05
0.29; 0.05
0.28; 0.05
0.28; 0.04
0.29; 0.04
0.28; 0.05
0.30; 0.04
0.28; 0.04
0.28; 0.05
0.29; 0.05
0.28; 0.05
0.28; 0.04
0.28; 0.04
0.28; 0.05
0.29; 0.04
0.28; 0.04
0.30; 0.05
0.29; 0.05
0.28; 0.05
0.30; 0.04
0.30; 0.04
0.29; 0.05
0.28; 0.05
0.29; 0.04
0.28; 0.04
0.28; 0.05
0.30; 0.05
0.29; 0.04
0.29; 0.04
0.28; 0.05
0.28; 0.04
0.28; 0.04
0.30; 0.04
0.29; 0.05
0.28; 0.05
0.29; 0.04
0.29; 0.04
0.29; 0.05
0.28; 0.05
0.29; 0.04
0.30; 0.04
0.29; 0.05
0.29; 0.05
0.30; 0.04
0.28; 0.04
0.29; 0.05
0.29; 0.05
0.29; 0.04
0.29; 0.04
0.28; 0.05
0.29; 0.05
0.27; 0.04
0.29; 0.03
0.29; 0.05
0.29; 0.05
0.28; 0.05
0.28; 0.04
0.30; 0.04
0.29; 0.05
0.28; 0.04
0.28; 0.03
0.30; 0.05
0.30; 0.05
0.28; 0.04
0.28; 0.04
0.29; 0.04
0.28; 0.06
0.30; 0.04
0.28; 0.04
0.29; 0.05
0.28; 0.05
0.29; 0.05
0.30; 0.04
0.28; 0.04
0.30; 0.05
0.29; 0.05
0.30; 0.04
0.28; 0.04
0.28; 0.05
0.28; 0.05
0.29; 0.04
0.29; 0.04
0.28; 0.05
0.30; 0.04
0.29; 0.04
0.28; 0.05
0.29; 0.05
0.28; 0.05
0.29; 0.04
0.30; 0.05
0.28; 0.05
0.29; 0.05
0.30; 0.04
0.28; 0.05
0.28; 0.05
0.28; 0.04
0.28; 0.04
0.29; 0.04
0.29; 0.05
0.30; 0.04
0.29; 0.04
0.29; 0.05
0.29; 0.05
0.30; 0.05
0.29; 0.04
0.28; 0.05
0.30; 0.06
0.29; 0.04
0.28; 0.04
0.29; 0.04
0.28; 0.05
0.30; 0.05
0.29; 0.04
0.29; 0.04
0.29; 0.05
0.28; 0.04
0.28; 0.04
0.28; 0.05
0.29; 0.05
0.28; 0.05
0.29; 0.04
0.30; 0.04
0.28; 0.05
0.30; 0.05
0.29; 0.04
0.28; 0.05
0.30; 0.05
0.30; 0.05
0.30; 0.04
0.28; 0.04
0.29; 0.05
0.29; 0.05
0.29; 0.04
0.28; 0.04
0.28; 0.05
0.29; 0.04
0.29; 0.03
0.30; 0.04
0.29; 0.04
0.30; 0.04
0.29; 0.03
0.30; 0.04
0.30; 0.04
0.29; 0.04
0.30; 0.03
0.29; 0.03
0.28; 0.04
0.32; 0.04
0.30; 0.03
0.29; 0.04
0.30; 0.04
0.30; 0.04
0.29; 0.03
0.30; 0.03
0.30; 0.04
0.31; 0.04
0.30; 0.03
0.30; 0.03
0.30; 0.04
0.30; 0.04
0.32; 0.03
0.31; 0.03
0.31; 0.04
0.31; 0.04
0.31; 0.03
0.30; 0.03
0.30; 0.03
0.30; 0.03
0.31; 0.03
0.33; 0.02
0.30; 0.03
0.30; 0.03
0.31; 0.02
0.33; 0.02
0.30; 0.03
0.30; 0.03
0.31; 0.03
0.31; 0.02
0.31; 0.03
0.30; 0.03
0.31; 0.03
0.33; 0.02
0.32; 0.03
0.30; 0.04
0.31; 0.03
0.30; 0.02
0.31; 0.03
0.31; 0.03
0.30; 0.03
0.30; 0.03
0.30; 0.03
0.30; 0.04
0.31; 0.03
0.31; 0.02
0.31; 0.03
0.30; 0.04
0.30; 0.03
0.32; 0.03
0.33; 0.03
0.31; 0.04
0.32; 0.03
0.32; 0.02
0.30; 0.03
0.31; 0.04
0.31; 0.04
0.30; 0.03
0.30; 0.03
0.31; 0.04
0.30; 0.03
0.30; 0.02
0.30; 0.03
0.30; 0.04
0.30; 0.04
0.31; 0.03
0.30; 0.03
0.30; 0.04
0.32; 0.03
0.32; 0.02
0.30; 0.03
0.30; 0.04
0.31; 0.03
0.31; 0.03
0.32; 0.03
0.31; 0.04
0.31; 0.03
0.31; 0.03
0.30; 0.03
0.30; 0.04
0.30; 0.04
0.30; 0.03
0.30; 0.03
0.31; 0.04
0.30; 0.03
0.31; 0.03
0.31; 0.03
0.32; 0.04
0.31; 0.03
0.31; 0.03
0.31; 0.03
0.30; 0.04
0.30; 0.03
0.30; 0.02
0.32; 0.03
0.32; 0.04
0.31; 0.03
0.30; 0.02
0.30; 0.03
0.32; 0.04
0.31; 0.03
0.31; 0.03
0.30; 0.03
0.31; 0.04
0.31; 0.03
0.31; 0.03
0.30; 0.03
0.30; 0.04
0.32; 0.03
0.32; 0.03
0.30; 0.04
0.30; 0.04
0.31; 0.04
0.30; 0.03
0.30; 0.03
0.31; 0.03
0.31; 0.03
0.29; 0.03
0.31; 0.03
0.30; 0.04
0.30; 0.03
0.30; 0.02
0.30; 0.03
0.31; 0.04
0.31; 0.03
0.32; 0.03
0.30; 0.03
0.32; 0.03
0.31; 0.04
0.30; 0.03
0.32; 0.03
0.30; 0.03
0.32; 0.04
0.30; 0.03
0.32; 0.03
0.30; 0.03
0.30; 0.04
0.31; 0.03
0.31; 0.03
0.30; 0.04
0.30; 0.04
0.29; 0.03
0.30; 0.03
0.30; 0.03
0.31; 0.04
0.31; 0.03
0.30; 0.03
0.30; 0.04
0.30; 0.03
0.32; 0.03
0.30; 0.03
0.30; 0.03
0.31; 0.04
0.30; 0.03
0.31; 0.02
0.31; 0.04
0.31; 0.04
0.30; 0.03
0.31; 0.03
0.31; 0.03
0.30; 0.04
0.31; 0.03
0.32; 0.03
0.30; 0.03
0.32; 0.04
0.30; 0.04
0.30; 0.03
0.30; 0.03
0.30; 0.04
0.31; 0.03
0.31; 0.02
0.30; 0.03
0.28; 0.04
0.30; 0.04
0.31; 0.03
0.31; 0.03
0.32; 0.04
0.30; 0.03
0.31; 0.02
0.31; 0.03
0.32; 0.04
0.31; 0.03
0.30; 0.03
0.32; 0.03
0.31; 0.04
0.31; 0.03
0.31; 0.03
0.31; 0.03
0.30; 0.04
0.30; 0.03
0.30; 0.03
0.32; 0.03
0.32; 0.04
0.32; 0.03
0.31; 0.02
0.30; 0.03
0.31; 0.04
0.30; 0.03
0.30; 0.02
0.30; 0.03
0.31; 0.04
0.30; 0.03
0.31; 0.03
0.30; 0.03
0.30; 0.04
0.30; 0.03
0.30; 0.02
0.30; 0.03
0.32; 0.04
0.32; 0.03
0.31; 0.02
0.32; 0.03
0.29; 0.04
0.31; 0.03
0.31; 0.03
0.31; 0.04
0.30; 0.04
0.31; 0.04
0.32; 0.03
0.30; 0.04
0.30; 0.04
0.31; 0.04
0.30; 0.02
0.32; 0.03
0.29; 0.04
0.30; 0.03
0.30; 0.02
0.30; 0.03
0.31; 0.04
0.31; 0.03
0.31; 0.03
0.32; 0.03
0.30; 0.04
0.30; 0.03
0.30; 0.02
0.30; 0.03
0.30; 0.03
0.30; 0.04
0.30; 0.02
0.30; 0.03
0.33; 0.04
0.32; 0.03
0.31; 0.03
0.30; 0.03
0.31; 0.03
0.31; 0.04
0.30; 0.03
0.31; 0.03
0.31; 0.03
0.32; 0.04
0.30; 0.03
0.32; 0.03
0.31; 0.03
0.30; 0.04
0.32; 0.03
0.31; 0.03
0.30; 0.03
0.31; 0.04
0.30; 0.03
0.31; 0.03
0.30; 0.03
0.31; 0.04
0.30; 0.03
0.31; 0.02
0.32; 0.03
0.30; 0.04
0.30; 0.03
0.30; 0.03
0.30; 0.03
0.32; 0.04
0.31; 0.03
0.32; 0.02
0.30; 0.03
0.30; 0.04
0.32; 0.03
0.30; 0.03
0.32; 0.03
0.30; 0.04
0.30; 0.03
0.31; 0.02
0.31; 0.03
0.31; 0.04
0.31; 0.03
0.30; 0.03
0.30; 0.03
0.31; 0.04
0.31; 0.03
0.31; 0.02
0.30; 0.03
0.30; 0.04
0.32; 0.03
0.31; 0.03
0.31; 0.03
0.32; 0.04
0.32; 0.03
0.31; 0.02
0.30; 0.03
0.32; 0.04
0.30; 0.04
0.30; 0.03
0.31; 0.04
0.31; 0.04
0.31; 0.03
0.32; 0.02
0.31; 0.03
0.30; 0.04
0.31; 0.03
0.32; 0.03
0.32; 0.03
0.30; 0.04
0.32; 0.03
0.31; 0.03
0.32; 0.03
0.31; 0.04
0.30; 0.03
0.30; 0.03
0.30; 0.03
0.31; 0.04
0.32; 0.03
0.30; 0.02
0.32; 0.04
0.30; 0.04
0.31; 0.03
0.30; 0.03
0.31; 0.03
0.32; 0.04
0.31; 0.03
0.31; 0.02
0.31; 0.04
0.32; 0.04
0.30; 0.03
0.31; 0.03
0.30; 0.03
0.30; 0.04
0.32; 0.03
0.30; 0.03
0.32; 0.04
0.31; 0.04
0.31; 0.03
0.30; 0.02
0.30; 0.03
0.30; 0.03
0.30; 0.03
0.32; 0.02
0.32; 0.03
0.31; 0.03
0.30; 0.03
0.30; 0.02
0.30; 0.03
0.31; 0.03
0.31; 0.03
0.30; 0.02
0.32; 0.03
0.32; 0.03
0.30; 0.03
0.32; 0.02
0.30; 0.02
0.32; 0.03
0.30; 0.03
0.32; 0.02
0.33; 0.02
0.32; 0.03
0.33; 0.03
0.32; 0.02
0.32; 0.02
0.33; 0.02
0.32; 0.03
0.34; 0.02
0.34; 0.02
0.32; 0.03
0.32; 0.02
0.32; 0.02
0.32; 0.01
0.33; 0.02
0.34; 0.03
0.33; 0.02
0.34; 0.02
0.34; 0.02
0.32; 0.02
0.33; 0.01
0.33; 0.01
0.33; 0.02
0.32; 0.02
0.36; 0.01
0.34; 0.01
0.34; 0.01
0.34; 0.02
0.36; 0.01
0.36; 0.01
0.34; 0.01
0.33; 0.02
0.32; 0.02
0.34; 0.01
0.33; 0.02
0.34; 0.02
0.34; 0.02
0.34; 0.01
0.33; 0.02
0.34; 0.02
0.33; 0.02
0.34; 0.01
0.33; 0.02
0.33; 0.03
0.35; 0.02
0.32; 0.01
0.34; 0.02
0.32; 0.02
0.34; 0.02
0.33; 0.01
0.33; 0.02
0.34; 0.02
0.33; 0.02
0.34; 0.01
0.34; 0.02
0.33; 0.02
0.34; 0.02
0.33; 0.01
0.32; 0.02
0.34; 0.03
0.33; 0.02
0.33; 0.01
0.33; 0.02
0.33; 0.03
0.32; 0.02
0.32; 0.01
0.33; 0.02
0.32; 0.02
0.34; 0.02
0.33; 0.01
0.32; 0.02
0.32; 0.02
0.33; 0.02
0.33; 0.01
0.33; 0.02
0.32; 0.03
0.32; 0.02
0.33; 0.01
0.33; 0.02
0.32; 0.02
0.34; 0.02
0.33; 0.01
0.33; 0.02
0.35; 0.03
0.33; 0.02
0.32; 0.01
0.33; 0.02
0.33; 0.02
0.32; 0.02
0.34; 0.01
0.34; 0.02
0.32; 0.02
0.34; 0.02
0.33; 0.01
0.33; 0.02
0.34; 0.02
0.33; 0.02
0.32; 0.01
0.32; 0.02
0.33; 0.02
0.34; 0.02
0.33; 0.01
0.34; 0.02
0.32; 0.02
0.34; 0.02
0.33; 0.01
0.34; 0.02
0.34; 0.02
0.33; 0.02
0.34; 0.01
0.33; 0.02
0.33; 0.02
0.32; 0.02
0.33; 0.01
0.34; 0.01
0.34; 0.02
0.33; 0.02
0.34; 0.01
0.34; 0.02
0.33; 0.02
0.35; 0.02
0.33; 0.01
0.32; 0.01
0.32; 0.02
0.33; 0.02
0.32; 0.01
0.32; 0.01
0.33; 0.02
0.32; 0.02
0.33; 0.01
0.34; 0.01
0.34; 0.02
0.33; 0.02
0.34; 0.02
0.34; 0.01
0.33; 0.02
0.35; 0.02
0.33; 0.02
0.34; 0.01
0.33; 0.02
0.32; 0.02
0.32; 0.02
0.35; 0.01
0.34; 0.02
0.34; 0.02
0.32; 0.02
0.33; 0.01
0.33; 0.02
0.33; 0.02
0.32; 0.02
0.34; 0.01
0.33; 0.02
0.33; 0.02
0.33; 0.02
0.33; 0.01
0.34; 0.02
0.32; 0.03
0.33; 0.02
0.33; 0.01
0.34; 0.02
0.33; 0.02
0.32; 0.02
0.34; 0.01
0.34; 0.02
0.32; 0.02
0.33; 0.02
0.34; 0.01
0.32; 0.02
0.32; 0.03
0.33; 0.02
0.33; 0.01
0.34; 0.02
0.32; 0.02
0.32; 0.02
0.33; 0.01
0.33; 0.02
0.33; 0.03
0.34; 0.02
0.33; 0.01
0.34; 0.02
0.33; 0.02
0.33; 0.02
0.33; 0.01
0.33; 0.02
0.34; 0.02
0.33; 0.02
0.33; 0.01
0.32; 0.02
0.33; 0.02
0.33; 0.02
0.34; 0.01
0.33; 0.02
0.34; 0.03
0.33; 0.02
0.32; 0.01
0.34; 0.02
0.34; 0.02
0.30; 0.02
0.32; 0.01
0.33; 0.02
0.34; 0.02
0.34; 0.02
0.32; 0.01
0.33; 0.02
0.34; 0.02
0.32; 0.02
0.32; 0.01
0.32; 0.02
0.33; 0.03
0.35; 0.02
0.34; 0.01
0.33; 0.02
0.34; 0.02
0.34; 0.02
0.33; 0.01
0.32; 0.02
0.33; 0.03
0.32; 0.02
0.33; 0.01
0.34; 0.02
0.34; 0.02
0.32; 0.02
0.34; 0.01
0.33; 0.01
0.32; 0.02
0.33; 0.02
0.34; 0.01
0.33; 0.02
0.34; 0.02
0.32; 0.02
0.32; 0.01
0.34; 0.01
0.33; 0.02
0.34; 0.02
0.32; 0.01
0.34; 0.02
0.32; 0.02
0.33; 0.02
0.34; 0.01
0.32; 0.01
0.33; 0.02
0.32; 0.02
0.33; 0.01
0.33; 0.01
0.34; 0.02
0.35; 0.03
0.33; 0.02
0.33; 0.01
0.33; 0.02
0.32; 0.02
0.33; 0.02
0.34; 0.01
0.33; 0.02
0.33; 0.02
0.32; 0.02
0.33; 0.01
0.32; 0.02
0.32; 0.02
0.32; 0.02
0.35; 0.01
0.33; 0.02
0.33; 0.03
0.32; 0.02
0.33; 0.01
0.34; 0.02
0.33; 0.02
0.33; 0.02
0.33; 0.01
0.34; 0.02
0.34; 0.03
0.33; 0.02
0.34; 0.01
0.33; 0.02
0.33; 0.02
0.33; 0.02
0.33; 0.01
0.32; 0.02
0.35; 0.03
0.34; 0.02
0.34; 0.01
0.32; 0.02
0.33; 0.02
0.33; 0.02
0.34; 0.01
0.34; 0.02
0.34; 0.03
0.32; 0.02
0.34; 0.01
0.34; 0.02
0.33; 0.02
0.33; 0.02
0.33; 0.01
0.33; 0.02
0.32; 0.03
0.32; 0.02
0.33; 0.01
0.33; 0.02
0.33; 0.02
0.33; 0.02
0.33; 0.01
0.33; 0.02
0.34; 0.03
0.34; 0.02
0.33; 0.01
0.33; 0.02
0.32; 0.02
0.34; 0.02
0.33; 0.01
0.34; 0.02
0.33; 0.03
0.34; 0.02
0.33; 0.01
0.33; 0.02
0.32; 0.02
0.33; 0.02
0.34; 0.01
0.34; 0.02
0.33; 0.03
0.34; 0.02
0.34; 0.01
0.34; 0.02
0.33; 0.02
0.33; 0.02
0.34; 0.01
0.34; 0.02
0.33; 0.02
0.34; 0.02
0.33; 0.01
0.33; 0.02
0.32; 0.02
0.33; 0.02
0.34; 0.01
0.32; 0.02
0.32; 0.02
0.32; 0.02
0.32; 0.01
0.33; 0.02
0.33; 0.02
0.33; 0.02
0.35; 0.01
0.33; 0.01
0.35; 0.02
0.36; 0.02
0.33; 0.01
0.34; 0.02
0.32; 0.02
0.32; 0.02
0.33; 0.01
0.32; 0.01
0.34; 0.02
0.34; 0.02
0.33; 0.01
0.36; 0.02
0.32; 0.02
0.34; 0.02
0.32; 0.01
0.34; 0.01
0.33; 0.02
0.33; 0.02
0.33; 0.01
0.34; 0.01
0.33; 0.02
0.32; 0.02
0.34; 0.01
0.32; 0.01
0.33; 0.02
0.32; 0.02
0.33; 0.02
0.34; 0.01
0.33; 0.02
0.32; 0.02
0.32; 0.02
0.32; 0.01
0.33; 0.02
0.33; 0.02
0.34; 0.02
0.34; 0.01
0.34; 0.02
0.33; 0.03
0.34; 0.02
0.34; 0.01
0.33; 0.02
0.33; 0.02
0.33; 0.02
0.33; 0.01
0.32; 0.02
0.34; 0.02
0.34; 0.02
0.32; 0.01
0.32; 0.02
0.33; 0.02
0.33; 0.02
0.32; 0.01
0.32; 0.02
0.33; 0.03
0.34; 0.02
0.34; 0.01
0.32; 0.02
0.32; 0.02
0.32; 0.02
0.32; 0.01
0.34; 0.02
0.33; 0.02
0.33; 0.02
0.32; 0.01
0.33; 0.02
0.34; 0.03
0.33; 0.02
0.33; 0.01
0.34; 0.02
0.33; 0.03
0.33; 0.02
0.32; 0.01
0.33; 0.02
0.33; 0.03
0.33; 0.02
0.33; 0.01
0.33; 0.02
0.36; 0.02
0.35; 0.02
0.33; 0.01
0.34; 0.02
0.32; 0.02
0.33; 0.02
0.34; 0.01
0.33; 0.02
0.33; 0.02
0.33; 0.02
0.32; 0.01
0.35; 0.02
0.34; 0.02
0.34; 0.02
0.34; 0.01
0.33; 0.01
0.34; 0.02
0.34; 0.02
0.34; 0.01
0.34; 0.01
0.34; 0.02
0.34; 0.01
0.36; 0.01
0.34; 0.01
0.34; 0.02
0.34; 0.01
0.33; 0.01
0.34; 0.01
0.34; 0.02
0.34; 0.01
0.34; 0.01
0.35; 0.01
0.34; 0.01
0.35; 0.01
0.34; 0.01
0.36; 0.01
0.34; 0.01
0.35; 0.01
0.35; 0.01
0.35; 0.00
0.35; 0.01
0.35; 0.01
0.37; 0.01
0.36; 0.00
0.35; 0.01
0.37; 0.01
0.34; 0.01
0.36; 0.00
0.36; 0.01
0.35; 0.01
0.36; 0.01
0.37; 0.00
0.37; 0.01
0.37; 0.01
0.36; 0.01
0.36; 0.00
0.35; 0.01
0.35; 0.01
0.35; 0.01
0.38; 0.00
0.37; 0.01
0.35; 0.01
0.37; 0.01
0.37; 0.00
0.36; 0.01
0.36; 0.01
0.34; 0.01
0.34; 0.00
0.36; 0.01
0.36; 0.02
0.35; 0.01
0.35; 0.00
0.36; 0.01
0.35; 0.01
0.34; 0.01
0.35; 0.00
0.34; 0.01
0.35; 0.02
0.35; 0.01
0.37; 0.00
0.36; 0.01
0.35; 0.02
0.36; 0.01
0.34; 0.00
0.35; 0.01
0.34; 0.02
0.36; 0.01
0.34; 0.00
0.35; 0.01
0.35; 0.02
0.36; 0.01
0.34; 0.00
0.36; 0.01
0.36; 0.02
0.35; 0.01
0.36; 0.00
0.34; 0.01
0.37; 0.02
0.34; 0.01
0.36; 0.00
0.34; 0.01
0.35; 0.02
0.37; 0.01
0.35; 0.00
0.36; 0.01
0.35; 0.02
0.35; 0.01
0.35; 0.00
0.35; 0.01
0.35; 0.02
0.36; 0.01
0.35; 0.00
0.34; 0.01
0.35; 0.01
0.34; 0.01
0.34; 0.00
0.37; 0.01
0.34; 0.01
0.36; 0.01
0.35; 0.00
0.35; 0.01
0.35; 0.01
0.34; 0.01
0.36; 0.00
0.35; 0.01
0.35; 0.01
0.37; 0.01
0.35; 0.00
0.37; 0.01
0.34; 0.01
0.35; 0.01
0.36; 0.00
0.35; 0.01
0.35; 0.01
0.37; 0.01
0.34; 0.00
0.34; 0.01
0.34; 0.01
0.36; 0.01
0.35; 0.00
0.34; 0.00
0.37; 0.01
0.37; 0.01
0.34; 0.01
0.34; 0.01
0.34; 0.01
0.36; 0.01
0.36; 0.00
0.35; 0.00
0.36; 0.01
0.35; 0.01
0.34; 0.01
0.35; 0.01
0.34; 0.01
0.35; 0.01
0.35; 0.01
0.37; 0.00
0.36; 0.01
0.35; 0.01
0.35; 0.01
0.36; 0.00
0.36; 0.01
0.36; 0.02
0.35; 0.01
0.36; 0.00
0.35; 0.01
0.34; 0.01
0.35; 0.01
0.36; 0.00
0.35; 0.01
0.35; 0.01
0.35; 0.01
0.35; 0.00
0.35; 0.01
0.35; 0.01
0.34; 0.01
0.34; 0.00
0.35; 0.01
0.34; 0.02
0.37; 0.01
0.35; 0.00
0.35; 0.01
0.36; 0.01
0.35; 0.01
0.36; 0.00
0.35; 0.01
0.35; 0.02
0.36; 0.01
0.34; 0.00
0.36; 0.01
0.36; 0.01
0.35; 0.01
0.36; 0.00
0.34; 0.01
0.36; 0.02
0.34; 0.01
0.36; 0.00
0.34; 0.01
0.35; 0.01
0.35; 0.01
0.34; 0.00
0.35; 0.01
0.35; 0.02
0.36; 0.01
0.35; 0.00
0.36; 0.01
0.34; 0.01
0.34; 0.01
0.35; 0.00
0.35; 0.01
0.35; 0.01
0.37; 0.01
0.37; 0.00
0.34; 0.01
0.36; 0.02
0.35; 0.01
0.36; 0.00
0.34; 0.01
0.36; 0.02
0.36; 0.01
0.34; 0.00
0.35; 0.01
0.35; 0.01
0.34; 0.01
0.35; 0.00
0.35; 0.01
0.34; 0.01
0.34; 0.01
0.35; 0.00
0.35; 0.01
0.35; 0.01
0.35; 0.01
0.35; 0.00
0.36; 0.01
0.36; 0.01
0.35; 0.01
0.36; 0.00
0.35; 0.01
0.34; 0.01
0.34; 0.01
0.34; 0.00
0.35; 0.01
0.35; 0.01
0.35; 0.01
0.34; 0.00
0.36; 0.01
0.36; 0.01
0.34; 0.01
0.34; 0.00
0.37; 0.00
0.37; 0.01
0.35; 0.01
0.36; 0.01
0.36; 0.00
0.36; 0.01
0.36; 0.01
0.35; 0.01
0.36; 0.00
0.36; 0.01
0.36; 0.01
0.34; 0.00
0.36; 0.00
0.36; 0.01
0.36; 0.01
0.36; 0.00
0.37; 0.00
0.35; 0.01
0.36; 0.01
0.38; 0.01
0.35; 0.00
0.37; 0.01
0.37; 0.01
0.36; 0.01
0.36; 0.00
0.35; 0.01
0.37; 0.01
0.36; 0.01
0.37; 0.00
0.35; 0.00
0.35; 0.01
0.36; 0.01
0.37; 0.00
0.36; 0.00
0.37; 0.01
0.38; 0.01
0.37; 0.00
0.36; 0.00
0.37; 0.01
0.37; 0.01
0.36; 0.00
0.36; 0.00
0.37; 0.01
0.37; 0.00
0.38; 0.00
0.36; 0.00
0.38; 0.01
0.37; 0.00
0.37; 0.00
0.37; 0.00
0.37; 0.01
0.38; 0.00
0.38; 0.00
0.38; 0.00
0.37; 0.01
0.38; 0.00
0.38; 0.00
0.38; 0.00
0.36; 0.00
0.38; 0.00
0.38; 0.00
0.38; 0.00
0.38; 0.00
0.38; 0.00
0.39; 0.00
0.40; 0.00
0.38; 0.00
0.39; 0.00
0.40; 0.00
0.37; 0.00
0.38; 0.00
0.39; 0.00
0.38; 0.00
0.38; 0.00
0.38; 0.00
0.37; 0.00
0.39; 0.00
0.38; 0.00
0.40; 0.00
0.38; 0.00
0.39; 0.00
0.37; 0.00
0.36; 0.00
0.37; 0.00
0.38; 0.00
0.39; 0.00
0.38; 0.00
0.40; 0.00
0.36; 0.00
0.38; 0.00
0.38; 0.00
0.38; 0.00
0.38; 0.00
0.37; 0.00
0.36; 0.00
0.39; 0.00
0.38; 0.00
0.38; 0.00
0.38; 0.00
0.37; 0.00
0.37; 0.00
0.37; 0.00
0.38; 0.00
0.38; 0.00
0.36; 0.00
0.38; 0.00
0.37; 0.00
0.38; 0.00
0.38; 0.00
0.38; 0.00
0.38; 0.00
0.40; 0.00
0.38; 0.00
0.39; 0.00
0.38; 0.00
0.36; 0.01
0.38; 0.00
0.37; 0.00
0.36; 0.00
0.37; 0.00
0.37; 0.00
0.38; 0.00
0.38; 0.00
0.38; 0.00
0.37; 0.00
0.38; 0.00
0.36; 0.00
0.40; 0.00
0.39; 0.00
0.38; 0.00
0.36; 0.00
0.38; 0.01
0.38; 0.00
0.38; 0.00
0.38; 0.00
0.39; 0.00
0.38; 0.00
0.38; 0.00
0.37; 0.00
0.37; 0.01
0.36; 0.00
0.38; 0.00
0.37; 0.00
0.38; 0.00
0.36; 0.00
0.38; 0.00
0.38; 0.00
0.36; 0.01
0.38; 0.00
0.37; 0.00
0.38; 0.00
0.38; 0.00
0.38; 0.00
0.38; 0.00
0.38; 0.00
0.38; 0.01
0.39; 0.00
0.38; 0.00
0.38; 0.00
0.37; 0.00
0.36; 0.00
0.37; 0.00
0.38; 0.00
0.38; 0.00
0.39; 0.00
0.38; 0.00
0.37; 0.00
0.36; 0.00
0.39; 0.00
0.37; 0.00
0.38; 0.00
0.38; 0.00
0.39; 0.00
0.38; 0.00
0.37; 0.00
0.38; 0.00
0.38; 0.00
0.36; 0.00
0.36; 0.00
0.37; 0.00
0.39; 0.00
0.38; 0.00
0.39; 0.00
0.37; 0.00
0.36; 0.00
0.37; 0.00
0.38; 0.00
0.36; 0.00
0.39; 0.00
0.36; 0.00
0.38; 0.00
0.38; 0.00
0.36; 0.00
0.37; 0.00
0.40; 0.00
0.39; 0.00
0.38; 0.00
0.36; 0.00
0.38; 0.00
0.37; 0.00
0.37; 0.00
0.38; 0.00
0.36; 0.00
0.38; 0.00
0.38; 0.00
0.37; 0.00
0.38; 0.00
0.38; 0.00
0.37; 0.00
0.37; 0.00
0.39; 0.00
0.38; 0.00
0.39; 0.00
0.38; 0.00
0.39; 0.00
0.37; 0.00
0.38; 0.00
0.37; 0.00
0.37; 0.00
0.37; 0.00
0.37; 0.00
0.38; 0.00
0.39; 0.00
0.37; 0.00
0.38; 0.00
0.38; 0.00
0.39; 0.00
0.37; 0.00
0.39; 0.00
0.37; 0.00
0.38; 0.00
0.39; 0.00
0.38; 0.00
0.38; 0.00
0.38; 0.00
0.39; 0.00
0.36; 0.00
0.38; 0.00
0.37; 0.00
0.36; 0.00
0.37; 0.00
0.39; 0.00
0.38; 0.00
0.37; 0.00
0.38; 0.00
0.38; 0.00
0.36; 0.00
0.37; 0.00
0.37; 0.01
0.38; 0.00
0.37; 0.00
0.38; 0.00
0.38; 0.00
0.37; 0.00
0.37; 0.00
0.38; 0.00
0.38; 0.01
0.37; 0.00
0.39; 0.00
0.37; 0.00
0.37; 0.00
0.36; 0.00
0.38; 0.00
0.37; 0.00
0.37; 0.00
0.39; 0.00
0.38; 0.00
0.39; 0.00
0.38; 0.00
0.37; 0.00
0.37; 0.00
0.37; 0.00
0.38; 0.00
0.39; 0.00
0.38; 0.00
0.40; 0.00
0.38; 0.00
0.36; 0.00
0.38; 0.00
0.36; 0.00
0.39; 0.00
0.40; 0.00
0.37; 0.00
0.37; 0.00
0.38; 0.00
0.38; 0.00
0.39; 0.00
0.38; 0.00
0.38; 0.00
0.39; 0.00
0.38; 0.00
0.38; 0.00
0.38; 0.00
0.36; 0.00
0.40; 0.00
0.40; 0.00
0.38; 0.00
0.38; 0.00
0.40; 0.00
0.39; 0.00
0.36; 0.00
0.38; 0.00
0.38; 0.00
0.39; 0.00
0.38; 0.00
0.39; 0.00
0.39; 0.00
0.38; 0.00
0.38; 0.00
0.38; 0.00
0.40; 0.00
0.38; 0.00
0.39; 0.00
0.39; 0.00
0.38; 0.00
0.40; 0.00
0.39; 0.00
0.38; 0.00
0.41; 0.00
0.40; 0.00
0.38; 0.00
0.39; 0.00
0.40; 0.00
0.38; 0.00
0.39; 0.00
0.38; 0.00
0.41; 0.00
0.40; 0.00
0.39; 0.00
0.39; 0.00
0.40; 0.00
0.40; 0.00
0.39; 0.00
0.41; 0.00
0.40; 0.00
0.41; 0.00
0.42; 0.00
0.40; 0.00
0.41; 0.00
0.42; 0.00
0.43; 0.00
0.42; 0.00
0.42; 0.00
0.41; 0.00
0.42; 0.00
0.42; 0.00
0.42; 0.00
0.42; 0.00
0.43; 0.00
0.42; 0.00
0.42; 0.00
0.42; 0.00
0.42; 0.00
0.44; 0.00
0.42; 0.00
0.42; 0.00
0.42; 0.00
0.42; 0.00
0.44; 0.00
0.43; 0.00
0.44; 0.00
0.42; 0.00
0.42; 0.00
0.42; 0.00
0.42; 0.00
0.42; 0.00
0.44; 0.00
0.42; 0.00
0.44; 0.00
0.42; 0.00
0.42; 0.00
0.42; 0.00
0.42; 0.00
0.44; 0.00
0.42; 0.00
0.42; 0.00
0.42; 0.00
0.42; 0.00
0.42; 0.00
0.44; 0.00
0.43; 0.00
0.44; 0.00
0.43; 0.00
0.42; 0.00
0.43; 0.00
0.42; 0.00
0.40; 0.00
0.44; 0.00
0.43; 0.00
0.44; 0.00
0.42; 0.00
0.44; 0.00
0.43; 0.00
0.42; 0.00
0.44; 0.00
0.42; 0.00
0.42; 0.00
0.42; 0.00
0.43; 0.00
0.42; 0.00
0.42; 0.00
0.42; 0.00
0.42; 0.00
0.42; 0.00
0.42; 0.00
0.42; 0.00
0.42; 0.00
0.43; 0.00
0.44; 0.00
0.42; 0.00
0.42; 0.00
0.42; 0.00
0.42; 0.00
0.44; 0.00
0.43; 0.00
0.42; 0.00
0.42; 0.00
0.42; 0.00
0.42; 0.00
0.42; 0.00
0.44; 0.00
0.42; 0.00
0.42; 0.00
0.40; 0.00
0.42; 0.00
0.42; 0.00
0.42; 0.00
0.42; 0.00
0.42; 0.00
0.42; 0.00
0.42; 0.00
0.44; 0.00
0.42; 0.00
0.42; 0.00
0.42; 0.00
0.44; 0.00
0.42; 0.00
0.42; 0.00
0.42; 0.00
0.42; 0.00
0.42; 0.00
0.42; 0.00
0.42; 0.00
0.42; 0.00
0.42; 0.00
0.42; 0.00
0.42; 0.00
0.41; 0.00
0.42; 0.00
0.42; 0.00
0.42; 0.00
0.44; 0.00
0.43; 0.00
0.42; 0.00
0.42; 0.00
0.43; 0.00
0.42; 0.00
0.42; 0.00
0.42; 0.00
0.43; 0.00
0.42; 0.00
0.42; 0.00
0.42; 0.00
0.42; 0.00
0.42; 0.00
0.42; 0.00
0.42; 0.00
0.44; 0.00
0.43; 0.00
0.44; 0.00
0.42; 0.00
0.44; 0.00
0.42; 0.00
0.42; 0.00
0.44; 0.00
0.44; 0.00
0.43; 0.00
0.42; 0.00
0.42; 0.00
0.43; 0.00
0.44; 0.00
0.42; 0.00
0.42; 0.00
0.42; 0.00
0.42; 0.00
0.42; 0.00
0.42; 0.00
0.42; 0.00
0.42; 0.00
0.42; 0.00
0.42; 0.00
0.42; 0.00
0.43; 0.00
0.43; 0.00
0.42; 0.00
0.43; 0.00
0.43; 0.00
0.42; 0.00
0.42; 0.00
0.43; 0.00
0.42; 0.00
0.43; 0.00
0.41; 0.00
0.42; 0.00
0.43; 0.00
0.42; 0.00
0.43; 0.00
0.43; 0.00
0.44; 0.00
0.42; 0.00
0.42; 0.00
0.44; 0.00
0.44; 0.00
0.42; 0.00
0.43; 0.00
0.45; 0.00
0.40; 0.00
0.43; 0.00
0.42; 0.00
0.44; 0.00
0.42; 0.00
0.43; 0.00
0.42; 0.00
0.42; 0.00
0.42; 0.00
0.42; 0.00
0.42; 0.00
0.43; 0.00
0.43; 0.00
0.43; 0.00
0.42; 0.00
0.42; 0.00
0.42; 0.00
0.42; 0.00
0.42; 0.00
0.44; 0.00
0.43; 0.00
0.42; 0.00
0.44; 0.00
0.42; 0.00
0.44; 0.00
0.44; 0.00
0.44; 0.00
0.42; 0.00
0.42; 0.00
0.42; 0.00
0.42; 0.00
0.42; 0.00
0.42; 0.00
0.42; 0.00
0.42; 0.00
0.44; 0.00
0.43; 0.00
0.44; 0.00
0.42; 0.00
0.44; 0.00
0.42; 0.00
0.42; 0.00
0.44; 0.00
0.43; 0.00
0.42; 0.00
0.44; 0.00
0.43; 0.00
0.42; 0.00
0.41; 0.00
0.42; 0.00
0.42; 0.00
0.43; 0.00
0.42; 0.00
0.42; 0.00
0.42; 0.00
0.42; 0.00
0.42; 0.00
0.44; 0.00
0.42; 0.00
0.42; 0.00
0.42; 0.00
0.43; 0.00
0.42; 0.00
0.42; 0.00
0.44; 0.00
0.43; 0.00
0.40; 0.00
0.42; 0.00
0.43; 0.00
0.43; 0.00
0.42; 0.00
0.42; 0.00
0.42; 0.00
0.42; 0.00
0.42; 0.00
0.43; 0.00
0.44; 0.00
0.44; 0.00
0.44; 0.00
0.42; 0.00
0.42; 0.00
0.43; 0.00
0.43; 0.00
0.44; 0.00
0.43; 0.00
0.44; 0.00
0.43; 0.00
0.41; 0.00
0.42; 0.00
0.42; 0.00
0.42; 0.00
0.44; 0.00
0.42; 0.00
0.42; 0.00
0.42; 0.00
0.42; 0.00
0.42; 0.00
0.44; 0.00
0.42; 0.00
0.42; 0.00
0.42; 0.00
0.42; 0.00
0.42; 0.00
0.43; 0.00
0.41; 0.00
0.42; 0.00
0.42; 0.00
0.41; 0.00
0.42; 0.00
0.42; 0.00
0.42; 0.00
0.42; 0.00
0.42; 0.00
0.42; 0.00
0.42; 0.00
0.44; 0.00
0.42; 0.00
0.42; 0.00
0.42; 0.00
0.42; 0.00
0.42; 0.00
0.42; 0.00
0.42; 0.00
0.42; 0.00
0.43; 0.00
0.42; 0.00
0.45; 0.00
0.42; 0.00
0.44; 0.00
0.42; 0.00
0.42; 0.00
0.42; 0.00
0.42; 0.00
0.44; 0.00
0.44; 0.00
0.42; 0.00
0.44; 0.00
0.42; 0.00
0.42; 0.00
0.40; 0.00
0.42; 0.00
0.43; 0.00
0.42; 0.00
0.42; 0.00
0.42; 0.00
0.44; 0.00
0.42; 0.00
0.42; 0.00
0.42; 0.00
0.43; 0.00
0.42; 0.00
0.42; 0.00
0.44; 0.00
0.43; 0.00
0.42; 0.00
0.44; 0.00
0.44; 0.00
0.42; 0.00
0.42; 0.00
0.41; 0.00
0.42; 0.00
0.42; 0.00
0.44; 0.00
0.43; 0.00
0.44; 0.00
0.42; 0.00
0.45; 0.00
0.44; 0.00
0.44; 0.00
0.43; 0.00
0.43; 0.00
0.41; 0.00
0.44; 0.00
0.42; 0.00
0.42; 0.00
0.43; 0.00
0.40; 0.00
0.40; 0.00
0.43; 0.00
0.43; 0.00
0.43; 0.00
0.40; 0.00
0.42; 0.00
0.42; 0.00
0.42; 0.00
0.43; 0.00
0.42; 0.00
0.42; 0.00
0.42; 0.00
0.42; 0.00
0.42; 0.00
0.43; 0.00
0.42; 0.00
0.43; 0.00
0.42; 0.00
0.43; 0.00
0.42; 0.00
0.41; 0.00
0.41; 0.00
0.42; 0.00
0.42; 0.00
0.43; 0.00
0.43; 0.00
0.43; 0.00
0.42; 0.00
0.42; 0.00
0.42; 0.00
0.42; 0.00
0.42; 0.00
0.44; 0.00
0.42; 0.00
0.42; 0.00
0.44; 0.00
0.42; 0.00
0.41; 0.00
0.43; 0.00
0.42; 0.00
0.44; 0.00
0.42; 0.00
0.43; 0.00
0.43; 0.00
0.42; 0.00
0.43; 0.00
0.44; 0.00
0.42; 0.00
0.42; 0.00
0.42; 0.00
0.42; 0.00
0.42; 0.00
0.43; 0.00
0.42; 0.00
0.43; 0.00
0.42; 0.00
0.42; 0.00
0.44; 0.00
0.42; 0.00
0.42; 0.00
0.42; 0.00
0.44; 0.00
0.42; 0.00
0.42; 0.00
0.42; 0.00
0.44; 0.00
0.42; 0.00
0.42; 0.00
0.42; 0.00
0.43; 0.00
0.42; 0.00
0.42; 0.00
0.42; 0.00
0.41; 0.00
0.44; 0.00
0.43; 0.00
0.42; 0.00
0.42; 0.00
0.42; 0.00
0.42; 0.00
0.44; 0.00
0.44; 0.00
0.42; 0.00
0.42; 0.00
0.42; 0.00
0.44; 0.00
0.42; 0.00
0.42; 0.00
0.44; 0.00
0.42; 0.00
